16 1707713910 0.200000 -1 0.200000 0.200000 0.200000
16 1707713925 0.200000 -1 0.200000 0.200000 0.200000
16 1707713940 0.200000 -1 0.200000 0.200000 0.200000
16 1707713955 0.200000 -1 0.200000 0.200000 0.200000
16 1707713975 0.200000 -1 0.200000 0.200000 0.200000
16 1707713975 0.200000 -1 0.200000 0.200000 0.200000
16 1707713980 0.200000 -1 0.200000 0.200000 0.200000
16 1707713985 0.200000 -1 0.200000 0.200000 0.200000
16 1707713990 0.200000 -1 0.200000 0.200000 0.200000
16 1707713990 0.200000 -1 0.200000 0.200000 0.200000
16 1707714000 0.200000 -1 0.200000 0.200000 0.200000
16 1707714005 0.200000 -1 0.200000 0.200000 0.200000
16 1707714005 0.200000 -1 0.200000 0.200000 0.200000
16 1707714015 0.200000 -1 0.200000 0.200000 0.200000
16 1707714020 0.200000 -1 0.200000 0.200000 0.200000
16 1707714020 0.200000 -1 0.200000 0.200000 0.200000
16 1707714040 0.200000 -1 0.200000 0.200000 0.200000
16 1707714040 0.200000 -1 0.200000 0.200000 0.200000
16 1707714045 0.200000 -1 0.200000 0.200000 0.200000
16 1707714045 0.200000 -1 0.200000 0.200000 0.200000
16 1707714050 0.200000 -1 0.200000 0.200000 0.200000
16 1707714050 0.200000 -1 0.200000 0.200000 0.200000
16 1707714055 0.200000 -1 0.200000 0.200000 0.200000
16 1707714055 0.200000 -1 0.200000 0.200000 0.200000
16 1707714065 0.200000 -1 0.200000 0.200000 0.200000
16 1707714065 0.200000 -1 0.200000 0.200000 0.200000
16 1707714070 0.200000 -1 0.200000 0.200000 0.200000
16 1707714070 0.200000 -1 0.200000 0.200000 0.200000
16 1707714080 0.200000 -1 0.200000 0.200000 0.200000
16 1707714080 0.200000 -1 0.200000 0.200000 0.200000
16 1707714085 0.200000 -1 0.200000 0.200000 0.200000
16 1707714085 0.200000 -1 0.200000 0.200000 0.200000
16 1707714105 0.200000 -1 0.200000 0.200000 0.200000
16 1707714105 0.200000 -1 0.200000 0.200000 0.200000
16 1707714110 0.200000 -1 0.200000 0.200000 0.200000
16 1707714110 0.200000 -1 0.200000 0.200000 0.200000
16 1707714115 0.200000 -1 0.200000 0.200000 0.200000
16 1707714120 0.200000 -1 0.200000 0.200000 0.200000
16 1707714120 0.200000 -1 0.200000 0.200000 0.200000
16 1707714130 0.200000 -1 0.200000 0.200000 0.200000
16 1707714130 0.200000 -1 0.200000 0.200000 0.200000
16 1707714135 0.200000 -1 0.200000 0.200000 0.200000
16 1707714135 0.200000 -1 0.200000 0.200000 0.200000
16 1707714145 0.200000 -1 0.200000 0.200000 0.200000
16 1707714145 0.200000 -1 0.200000 0.200000 0.200000
16 1707714150 0.200000 -1 0.200000 0.200000 0.200000
16 1707714150 0.200000 -1 0.200000 0.200000 0.200000
16 1707714170 0.200000 -1 0.200000 0.200000 0.200000
16 1707714170 0.200000 -1 0.200000 0.200000 0.200000
16 1707714175 0.200000 -1 0.200000 0.200000 0.200000
16 1707714175 0.200000 -1 0.200000 0.200000 0.200000
16 1707714185 0.200000 -1 0.200000 0.200000 0.200000
16 1707714185 0.200000 -1 0.200000 0.200000 0.200000
16 1707714195 0.200000 -1 0.200000 0.200000 0.200000
16 1707714195 0.200000 -1 0.200000 0.200000 0.200000
16 1707714200 0.200000 -1 0.200000 0.200000 0.200000
16 1707714200 0.200000 -1 0.200000 0.200000 0.200000
16 1707714210 0.200000 -1 0.200000 0.200000 0.200000
16 1707714210 0.200000 -1 0.200000 0.200000 0.200000
16 1707714215 0.200000 -1 0.200000 0.200000 0.200000
16 1707714215 0.200000 -1 0.200000 0.200000 0.200000
16 1707714235 0.200000 -1 0.200000 0.200000 0.200000
16 1707714240 0.200000 -1 0.200000 0.200000 0.200000
16 1707714240 0.400000 -1 0.400000 0.400000 0.400000
16 1707714250 0.200000 -1 0.200000 0.200000 0.200000
16 1707714250 0.200000 -1 0.200000 0.200000 0.200000
16 1707714260 0.200000 -1 0.200000 0.200000 0.200000
16 1707714260 0.200000 -1 0.200000 0.200000 0.200000
16 1707714265 0.200000 -1 0.200000 0.200000 0.200000
16 1707714265 0.200000 -1 0.200000 0.200000 0.200000
16 1707714275 0.200000 -1 0.200000 0.200000 0.200000
16 1707714275 0.200000 -1 0.200000 0.200000 0.200000
16 1707714280 0.200000 -1 0.200000 0.200000 0.200000
16 1707714280 0.200000 -1 0.200000 0.200000 0.200000
16 1707714300 0.200000 -1 0.200000 0.200000 0.200000
16 1707714300 0.200000 -1 0.200000 0.200000 0.200000
16 1707714305 0.200000 -1 0.200000 0.200000 0.200000
16 1707714305 0.400000 -1 0.400000 0.400000 0.400000
16 1707714305 0.400000 -1 0.400000 0.400000 0.400000
16 1707714315 0.200000 -1 0.200000 0.200000 0.200000
16 1707714320 0.200000 -1 0.200000 0.200000 0.200000
16 1707714320 0.200000 -1 0.200000 0.200000 0.200000
16 1707714325 0.200000 -1 0.200000 0.200000 0.200000
16 1707714325 0.200000 -1 0.200000 0.200000 0.200000
16 1707714325 0.200000 -1 0.200000 0.200000 0.200000
16 1707714330 0.200000 -1 0.200000 0.200000 0.200000
16 1707714335 0.200000 -1 0.200000 0.200000 0.200000
16 1707714335 0.200000 -1 0.200000 0.200000 0.200000
16 1707714340 0.200000 -1 0.200000 0.200000 0.200000
16 1707714340 0.200000 -1 0.200000 0.200000 0.200000
16 1707714340 0.200000 -1 0.200000 0.200000 0.200000
16 1707714345 0.200000 -1 0.200000 0.200000 0.200000
16 1707714345 0.200000 -1 0.200000 0.200000 0.200000
16 1707714345 0.200000 -1 0.200000 0.200000 0.200000
16 1707714365 0.200000 -1 0.200000 0.200000 0.200000
16 1707714370 0.500000 -1 0.500000 0.500000 0.500000
16 1707714365 0.200000 -1 0.200000 0.200000 0.200000
16 1707714370 0.500000 -1 0.500000 0.500000 0.500000
16 1707714365 0.200000 -1 0.200000 0.200000 0.200000
16 1707714370 0.500000 -1 0.500000 0.500000 0.500000
