1 1707713901 0.000000 1 0.000000 0.000000 0.000000
2 1707713901 0.000000 1 0.000000 0.000000 0.000000
3 1707713901 0.000000 1 0.000000 0.000000 0.000000
4 1707713901 0.000000 1 0.000000 0.000000 0.000000
1 1707713902 0.000000 1 0.000000 0.000000 0.000000
2 1707713902 0.000000 1 0.000000 0.000000 0.000000
3 1707713902 0.000000 1 0.000000 0.000000 0.000000
4 1707713902 0.000000 1 0.000000 0.000000 0.000000
1 1707713903 0.000000 1 0.000000 0.000000 0.000000
2 1707713903 0.000000 1 0.000000 0.000000 0.000000
3 1707713903 0.000000 1 0.000000 0.000000 0.000000
4 1707713903 0.000000 1 0.000000 0.000000 0.000000
1 1707713904 0.000000 1 0.000000 0.000000 0.000000
2 1707713904 0.000000 1 0.000000 0.000000 0.000000
3 1707713904 0.000000 1 0.000000 0.000000 0.000000
4 1707713904 0.000000 1 0.000000 0.000000 0.000000
1 1707713905 0.000000 1 0.000000 0.000000 0.000000
2 1707713905 0.000000 1 0.000000 0.000000 0.000000
3 1707713905 0.000000 1 0.000000 0.000000 0.000000
4 1707713905 0.000000 1 0.000000 0.000000 0.000000
1 1707713906 0.000000 1 0.000000 0.000000 0.000000
2 1707713906 0.000000 1 0.000000 0.000000 0.000000
3 1707713906 0.000000 1 0.000000 0.000000 0.000000
4 1707713906 0.000000 1 0.000000 0.000000 0.000000
1 1707713907 0.000000 1 0.000000 0.000000 0.000000
2 1707713907 0.000000 1 0.000000 0.000000 0.000000
3 1707713907 0.000000 1 0.000000 0.000000 0.000000
4 1707713907 0.000000 1 0.000000 0.000000 0.000000
1 1707713908 0.000000 1 0.000000 0.000000 0.000000
2 1707713908 0.000000 1 0.000000 0.000000 0.000000
3 1707713908 0.000000 1 0.000000 0.000000 0.000000
4 1707713908 0.000000 1 0.000000 0.000000 0.000000
1 1707713909 0.000000 1 0.000000 0.000000 0.000000
2 1707713909 0.000000 1 0.000000 0.000000 0.000000
3 1707713909 0.000000 1 0.000000 0.000000 0.000000
4 1707713909 0.000000 1 0.000000 0.000000 0.000000
1 1707713910 0.000000 1 0.000000 0.000000 0.000000
2 1707713910 0.000000 1 0.000000 0.000000 0.000000
3 1707713910 0.000000 1 0.000000 0.000000 0.000000
4 1707713910 0.000000 1 0.000000 0.000000 0.000000
1 1707713911 1.000000 1 1.000000 1.000000 1.000000
2 1707713911 0.000000 1 0.000000 0.000000 0.000000
3 1707713911 0.000000 1 0.000000 0.000000 0.000000
4 1707713911 0.000000 1 0.000000 0.000000 0.000000
1 1707713912 1.000000 1 1.000000 1.000000 1.000000
2 1707713912 0.000000 1 0.000000 0.000000 0.000000
3 1707713912 0.000000 1 0.000000 0.000000 0.000000
4 1707713912 0.000000 1 0.000000 0.000000 0.000000
1 1707713913 1.000000 1 1.000000 1.000000 1.000000
2 1707713913 0.000000 1 0.000000 0.000000 0.000000
3 1707713913 0.000000 1 0.000000 0.000000 0.000000
4 1707713913 0.000000 1 0.000000 0.000000 0.000000
1 1707713914 1.000000 1 1.000000 1.000000 1.000000
2 1707713914 0.000000 1 0.000000 0.000000 0.000000
3 1707713914 0.000000 1 0.000000 0.000000 0.000000
4 1707713914 0.000000 1 0.000000 0.000000 0.000000
1 1707713915 1.000000 1 1.000000 1.000000 1.000000
2 1707713915 0.000000 1 0.000000 0.000000 0.000000
3 1707713915 0.000000 1 0.000000 0.000000 0.000000
4 1707713915 0.000000 1 0.000000 0.000000 0.000000
1 1707713916 1.000000 1 1.000000 1.000000 1.000000
2 1707713916 0.000000 1 0.000000 0.000000 0.000000
3 1707713916 0.000000 1 0.000000 0.000000 0.000000
4 1707713916 0.000000 1 0.000000 0.000000 0.000000
1 1707713917 1.000000 1 1.000000 1.000000 1.000000
2 1707713917 0.000000 1 0.000000 0.000000 0.000000
3 1707713917 0.000000 1 0.000000 0.000000 0.000000
4 1707713917 0.000000 1 0.000000 0.000000 0.000000
1 1707713918 1.000000 1 1.000000 1.000000 1.000000
2 1707713918 0.000000 1 0.000000 0.000000 0.000000
3 1707713918 0.000000 1 0.000000 0.000000 0.000000
4 1707713918 0.000000 1 0.000000 0.000000 0.000000
1 1707713919 1.000000 1 1.000000 1.000000 1.000000
2 1707713919 0.000000 1 0.000000 0.000000 0.000000
3 1707713919 0.000000 1 0.000000 0.000000 0.000000
4 1707713919 0.000000 1 0.000000 0.000000 0.000000
1 1707713920 1.000000 1 1.000000 1.000000 1.000000
2 1707713920 0.000000 1 0.000000 0.000000 0.000000
3 1707713920 0.000000 1 0.000000 0.000000 0.000000
4 1707713920 0.000000 1 0.000000 0.000000 0.000000
1 1707713921 1.000000 1 1.000000 1.000000 1.000000
2 1707713921 0.000000 1 0.000000 0.000000 0.000000
3 1707713921 0.000000 1 0.000000 0.000000 0.000000
4 1707713921 0.000000 1 0.000000 0.000000 0.000000
1 1707713922 1.000000 1 1.000000 1.000000 1.000000
2 1707713922 0.000000 1 0.000000 0.000000 0.000000
3 1707713922 0.000000 1 0.000000 0.000000 0.000000
4 1707713922 0.000000 1 0.000000 0.000000 0.000000
1 1707713923 1.000000 1 1.000000 1.000000 1.000000
2 1707713923 0.000000 1 0.000000 0.000000 0.000000
3 1707713923 0.000000 1 0.000000 0.000000 0.000000
4 1707713923 0.000000 1 0.000000 0.000000 0.000000
1 1707713924 1.000000 1 1.000000 1.000000 1.000000
2 1707713924 0.000000 1 0.000000 0.000000 0.000000
3 1707713924 0.000000 1 0.000000 0.000000 0.000000
4 1707713924 0.000000 1 0.000000 0.000000 0.000000
1 1707713925 2.000000 1 2.000000 2.000000 2.000000
2 1707713925 0.000000 1 0.000000 0.000000 0.000000
3 1707713925 0.000000 1 0.000000 0.000000 0.000000
4 1707713925 0.000000 1 0.000000 0.000000 0.000000
1 1707713926 2.000000 1 2.000000 2.000000 2.000000
2 1707713926 0.000000 1 0.000000 0.000000 0.000000
3 1707713926 0.000000 1 0.000000 0.000000 0.000000
4 1707713926 0.000000 1 0.000000 0.000000 0.000000
1 1707713927 2.000000 1 2.000000 2.000000 2.000000
2 1707713927 0.000000 1 0.000000 0.000000 0.000000
3 1707713927 0.000000 1 0.000000 0.000000 0.000000
4 1707713927 0.000000 1 0.000000 0.000000 0.000000
1 1707713928 2.000000 1 2.000000 2.000000 2.000000
2 1707713928 0.000000 1 0.000000 0.000000 0.000000
3 1707713928 0.000000 1 0.000000 0.000000 0.000000
4 1707713928 0.000000 1 0.000000 0.000000 0.000000
1 1707713929 2.000000 1 2.000000 2.000000 2.000000
2 1707713929 0.000000 1 0.000000 0.000000 0.000000
3 1707713929 0.000000 1 0.000000 0.000000 0.000000
4 1707713929 0.000000 1 0.000000 0.000000 0.000000
1 1707713930 2.000000 1 2.000000 2.000000 2.000000
2 1707713930 0.000000 1 0.000000 0.000000 0.000000
3 1707713930 0.000000 1 0.000000 0.000000 0.000000
4 1707713930 0.000000 1 0.000000 0.000000 0.000000
1 1707713931 2.000000 1 2.000000 2.000000 2.000000
2 1707713931 0.000000 1 0.000000 0.000000 0.000000
3 1707713931 0.000000 1 0.000000 0.000000 0.000000
4 1707713931 0.000000 1 0.000000 0.000000 0.000000
1 1707713932 2.000000 1 2.000000 2.000000 2.000000
2 1707713932 0.000000 1 0.000000 0.000000 0.000000
3 1707713932 0.000000 1 0.000000 0.000000 0.000000
4 1707713932 0.000000 1 0.000000 0.000000 0.000000
1 1707713933 2.000000 1 2.000000 2.000000 2.000000
2 1707713933 0.000000 1 0.000000 0.000000 0.000000
3 1707713933 0.000000 1 0.000000 0.000000 0.000000
4 1707713933 0.000000 1 0.000000 0.000000 0.000000
1 1707713934 2.000000 1 2.000000 2.000000 2.000000
2 1707713934 0.000000 1 0.000000 0.000000 0.000000
3 1707713934 0.000000 1 0.000000 0.000000 0.000000
4 1707713934 0.000000 1 0.000000 0.000000 0.000000
1 1707713935 2.000000 1 2.000000 2.000000 2.000000
2 1707713935 0.000000 1 0.000000 0.000000 0.000000
3 1707713935 0.000000 1 0.000000 0.000000 0.000000
4 1707713935 0.000000 1 0.000000 0.000000 0.000000
1 1707713936 2.000000 1 2.000000 2.000000 2.000000
2 1707713936 0.000000 1 0.000000 0.000000 0.000000
3 1707713936 0.000000 1 0.000000 0.000000 0.000000
4 1707713936 0.000000 1 0.000000 0.000000 0.000000
1 1707713937 2.000000 1 2.000000 2.000000 2.000000
2 1707713937 0.000000 1 0.000000 0.000000 0.000000
3 1707713937 0.000000 1 0.000000 0.000000 0.000000
4 1707713937 0.000000 1 0.000000 0.000000 0.000000
1 1707713938 2.000000 1 2.000000 2.000000 2.000000
2 1707713938 0.000000 1 0.000000 0.000000 0.000000
3 1707713938 0.000000 1 0.000000 0.000000 0.000000
4 1707713938 0.000000 1 0.000000 0.000000 0.000000
1 1707713939 2.000000 1 2.000000 2.000000 2.000000
2 1707713939 0.000000 1 0.000000 0.000000 0.000000
3 1707713939 0.000000 1 0.000000 0.000000 0.000000
4 1707713939 0.000000 1 0.000000 0.000000 0.000000
1 1707713940 3.000000 1 3.000000 3.000000 3.000000
2 1707713940 0.000000 1 0.000000 0.000000 0.000000
3 1707713940 0.000000 1 0.000000 0.000000 0.000000
4 1707713940 0.000000 1 0.000000 0.000000 0.000000
1 1707713941 3.000000 1 3.000000 3.000000 3.000000
2 1707713941 0.000000 1 0.000000 0.000000 0.000000
3 1707713941 0.000000 1 0.000000 0.000000 0.000000
4 1707713941 0.000000 1 0.000000 0.000000 0.000000
1 1707713942 3.000000 1 3.000000 3.000000 3.000000
2 1707713942 0.000000 1 0.000000 0.000000 0.000000
3 1707713942 0.000000 1 0.000000 0.000000 0.000000
4 1707713942 0.000000 1 0.000000 0.000000 0.000000
1 1707713943 3.000000 1 3.000000 3.000000 3.000000
2 1707713943 0.000000 1 0.000000 0.000000 0.000000
3 1707713943 0.000000 1 0.000000 0.000000 0.000000
4 1707713943 0.000000 1 0.000000 0.000000 0.000000
1 1707713944 3.000000 1 3.000000 3.000000 3.000000
2 1707713944 0.000000 1 0.000000 0.000000 0.000000
3 1707713944 0.000000 1 0.000000 0.000000 0.000000
4 1707713944 0.000000 1 0.000000 0.000000 0.000000
1 1707713945 3.000000 1 3.000000 3.000000 3.000000
2 1707713945 0.000000 1 0.000000 0.000000 0.000000
3 1707713945 0.000000 1 0.000000 0.000000 0.000000
4 1707713945 0.000000 1 0.000000 0.000000 0.000000
1 1707713946 3.000000 1 3.000000 3.000000 3.000000
2 1707713946 0.000000 1 0.000000 0.000000 0.000000
3 1707713946 0.000000 1 0.000000 0.000000 0.000000
4 1707713946 0.000000 1 0.000000 0.000000 0.000000
1 1707713947 3.000000 1 3.000000 3.000000 3.000000
2 1707713947 0.000000 1 0.000000 0.000000 0.000000
3 1707713947 0.000000 1 0.000000 0.000000 0.000000
4 1707713947 0.000000 1 0.000000 0.000000 0.000000
1 1707713948 3.000000 1 3.000000 3.000000 3.000000
2 1707713948 0.000000 1 0.000000 0.000000 0.000000
3 1707713948 0.000000 1 0.000000 0.000000 0.000000
4 1707713948 0.000000 1 0.000000 0.000000 0.000000
1 1707713949 3.000000 1 3.000000 3.000000 3.000000
2 1707713949 0.000000 1 0.000000 0.000000 0.000000
3 1707713949 0.000000 1 0.000000 0.000000 0.000000
4 1707713949 0.000000 1 0.000000 0.000000 0.000000
1 1707713950 3.000000 1 3.000000 3.000000 3.000000
2 1707713950 0.000000 1 0.000000 0.000000 0.000000
3 1707713950 0.000000 1 0.000000 0.000000 0.000000
4 1707713950 0.000000 1 0.000000 0.000000 0.000000
1 1707713951 3.000000 1 3.000000 3.000000 3.000000
2 1707713951 0.000000 1 0.000000 0.000000 0.000000
3 1707713951 0.000000 1 0.000000 0.000000 0.000000
4 1707713951 0.000000 1 0.000000 0.000000 0.000000
1 1707713952 3.000000 1 3.000000 3.000000 3.000000
2 1707713952 0.000000 1 0.000000 0.000000 0.000000
3 1707713952 0.000000 1 0.000000 0.000000 0.000000
4 1707713952 0.000000 1 0.000000 0.000000 0.000000
1 1707713953 3.000000 1 3.000000 3.000000 3.000000
2 1707713953 0.000000 1 0.000000 0.000000 0.000000
3 1707713953 0.000000 1 0.000000 0.000000 0.000000
4 1707713953 0.000000 1 0.000000 0.000000 0.000000
1 1707713954 3.000000 1 3.000000 3.000000 3.000000
2 1707713954 0.000000 1 0.000000 0.000000 0.000000
3 1707713954 0.000000 1 0.000000 0.000000 0.000000
4 1707713954 0.000000 1 0.000000 0.000000 0.000000
1 1707713955 4.000000 1 4.000000 4.000000 4.000000
2 1707713955 0.000000 1 0.000000 0.000000 0.000000
3 1707713955 0.000000 1 0.000000 0.000000 0.000000
4 1707713955 0.000000 1 0.000000 0.000000 0.000000
1 1707713956 4.000000 1 4.000000 4.000000 4.000000
2 1707713956 0.000000 1 0.000000 0.000000 0.000000
3 1707713956 0.000000 1 0.000000 0.000000 0.000000
4 1707713956 0.000000 1 0.000000 0.000000 0.000000
1 1707713958 4.000000 1 4.000000 4.000000 4.000000
2 1707713958 0.000000 1 0.000000 0.000000 0.000000
3 1707713958 0.000000 1 0.000000 0.000000 0.000000
4 1707713958 0.000000 1 0.000000 0.000000 0.000000
1 1707713959 4.000000 1 4.000000 4.000000 4.000000
2 1707713959 0.000000 1 0.000000 0.000000 0.000000
3 1707713959 0.000000 1 0.000000 0.000000 0.000000
4 1707713959 0.000000 1 0.000000 0.000000 0.000000
1 1707713960 4.000000 1 4.000000 4.000000 4.000000
2 1707713960 0.000000 1 0.000000 0.000000 0.000000
3 1707713960 0.000000 1 0.000000 0.000000 0.000000
4 1707713960 0.000000 1 0.000000 0.000000 0.000000
1 1707713961 4.000000 1 4.000000 4.000000 4.000000
2 1707713961 0.000000 1 0.000000 0.000000 0.000000
3 1707713961 0.000000 1 0.000000 0.000000 0.000000
4 1707713961 0.000000 1 0.000000 0.000000 0.000000
1 1707713962 4.000000 1 4.000000 4.000000 4.000000
2 1707713962 0.000000 1 0.000000 0.000000 0.000000
3 1707713962 0.000000 1 0.000000 0.000000 0.000000
4 1707713962 0.000000 1 0.000000 0.000000 0.000000
1 1707713963 4.000000 1 4.000000 4.000000 4.000000
2 1707713963 0.000000 1 0.000000 0.000000 0.000000
3 1707713963 0.000000 1 0.000000 0.000000 0.000000
4 1707713963 0.000000 1 0.000000 0.000000 0.000000
1 1707713964 4.000000 1 4.000000 4.000000 4.000000
2 1707713964 0.000000 1 0.000000 0.000000 0.000000
3 1707713964 0.000000 1 0.000000 0.000000 0.000000
4 1707713964 0.000000 1 0.000000 0.000000 0.000000
1 1707713965 4.000000 1 4.000000 4.000000 4.000000
2 1707713965 0.000000 1 0.000000 0.000000 0.000000
3 1707713965 0.000000 1 0.000000 0.000000 0.000000
4 1707713965 0.000000 1 0.000000 0.000000 0.000000
1 1707713966 4.000000 1 4.000000 4.000000 4.000000
2 1707713966 0.000000 1 0.000000 0.000000 0.000000
3 1707713966 0.000000 1 0.000000 0.000000 0.000000
4 1707713966 0.000000 1 0.000000 0.000000 0.000000
1 1707713967 4.000000 1 4.000000 4.000000 4.000000
2 1707713967 0.000000 1 0.000000 0.000000 0.000000
3 1707713967 0.000000 1 0.000000 0.000000 0.000000
4 1707713967 0.000000 1 0.000000 0.000000 0.000000
1 1707713968 4.000000 1 4.000000 4.000000 4.000000
2 1707713968 0.000000 1 0.000000 0.000000 0.000000
3 1707713968 0.000000 1 0.000000 0.000000 0.000000
4 1707713968 0.000000 1 0.000000 0.000000 0.000000
1 1707713969 4.000000 1 4.000000 4.000000 4.000000
2 1707713969 0.000000 1 0.000000 0.000000 0.000000
3 1707713969 0.000000 1 0.000000 0.000000 0.000000
4 1707713969 0.000000 1 0.000000 0.000000 0.000000
1 1707713970 4.000000 1 4.000000 4.000000 4.000000
2 1707713970 0.000000 1 0.000000 0.000000 0.000000
3 1707713970 0.000000 1 0.000000 0.000000 0.000000
4 1707713970 0.000000 1 0.000000 0.000000 0.000000
1 1707713971 4.000000 1 4.000000 4.000000 4.000000
2 1707713971 0.000000 1 0.000000 0.000000 0.000000
3 1707713971 0.000000 1 0.000000 0.000000 0.000000
4 1707713971 0.000000 1 0.000000 0.000000 0.000000
1 1707713972 4.000000 1 4.000000 4.000000 4.000000
2 1707713972 0.000000 1 0.000000 0.000000 0.000000
3 1707713972 0.000000 1 0.000000 0.000000 0.000000
4 1707713972 0.000000 1 0.000000 0.000000 0.000000
1 1707713973 4.000000 1 4.000000 4.000000 4.000000
2 1707713973 0.000000 1 0.000000 0.000000 0.000000
3 1707713973 0.000000 1 0.000000 0.000000 0.000000
4 1707713973 0.000000 1 0.000000 0.000000 0.000000
1 1707713974 4.000000 1 4.000000 4.000000 4.000000
2 1707713974 0.000000 1 0.000000 0.000000 0.000000
3 1707713974 0.000000 1 0.000000 0.000000 0.000000
4 1707713974 0.000000 1 0.000000 0.000000 0.000000
1 1707713975 4.000000 1 4.000000 4.000000 4.000000
2 1707713975 0.000000 1 0.000000 0.000000 0.000000
3 1707713975 0.000000 1 0.000000 0.000000 0.000000
4 1707713975 0.000000 1 0.000000 0.000000 0.000000
1 1707713976 4.000000 1 4.000000 4.000000 4.000000
2 1707713976 0.000000 1 0.000000 0.000000 0.000000
3 1707713976 0.000000 1 0.000000 0.000000 0.000000
4 1707713976 0.000000 1 0.000000 0.000000 0.000000
1 1707713977 4.000000 1 4.000000 4.000000 4.000000
2 1707713977 0.000000 1 0.000000 0.000000 0.000000
3 1707713977 0.000000 1 0.000000 0.000000 0.000000
4 1707713977 0.000000 1 0.000000 0.000000 0.000000
1 1707713978 4.000000 1 4.000000 4.000000 4.000000
2 1707713978 0.000000 1 0.000000 0.000000 0.000000
3 1707713978 0.000000 1 0.000000 0.000000 0.000000
4 1707713978 0.000000 1 0.000000 0.000000 0.000000
1 1707713979 4.000000 1 4.000000 4.000000 4.000000
2 1707713979 0.000000 1 0.000000 0.000000 0.000000
3 1707713979 0.000000 1 0.000000 0.000000 0.000000
4 1707713979 0.000000 1 0.000000 0.000000 0.000000
1 1707713980 5.000000 1 5.000000 5.000000 5.000000
2 1707713980 0.000000 1 0.000000 0.000000 0.000000
3 1707713980 0.000000 1 0.000000 0.000000 0.000000
4 1707713980 0.000000 1 0.000000 0.000000 0.000000
1 1707713981 5.000000 1 5.000000 5.000000 5.000000
2 1707713981 0.000000 1 0.000000 0.000000 0.000000
3 1707713981 0.000000 1 0.000000 0.000000 0.000000
4 1707713981 0.000000 1 0.000000 0.000000 0.000000
1 1707713982 5.000000 1 5.000000 5.000000 5.000000
2 1707713982 0.000000 1 0.000000 0.000000 0.000000
3 1707713982 0.000000 1 0.000000 0.000000 0.000000
4 1707713982 0.000000 1 0.000000 0.000000 0.000000
1 1707713983 5.000000 1 5.000000 5.000000 5.000000
2 1707713983 0.000000 1 0.000000 0.000000 0.000000
3 1707713983 0.000000 1 0.000000 0.000000 0.000000
4 1707713983 0.000000 1 0.000000 0.000000 0.000000
1 1707713984 5.000000 1 5.000000 5.000000 5.000000
2 1707713984 0.000000 1 0.000000 0.000000 0.000000
3 1707713984 0.000000 1 0.000000 0.000000 0.000000
4 1707713984 0.000000 1 0.000000 0.000000 0.000000
1 1707713985 6.000000 1 6.000000 6.000000 6.000000
2 1707713985 0.000000 1 0.000000 0.000000 0.000000
3 1707713985 0.000000 1 0.000000 0.000000 0.000000
4 1707713985 0.000000 1 0.000000 0.000000 0.000000
1 1707713986 6.000000 1 6.000000 6.000000 6.000000
2 1707713986 0.000000 1 0.000000 0.000000 0.000000
3 1707713986 0.000000 1 0.000000 0.000000 0.000000
4 1707713986 0.000000 1 0.000000 0.000000 0.000000
1 1707713987 6.000000 1 6.000000 6.000000 6.000000
2 1707713987 0.000000 1 0.000000 0.000000 0.000000
3 1707713987 0.000000 1 0.000000 0.000000 0.000000
4 1707713987 0.000000 1 0.000000 0.000000 0.000000
1 1707713988 6.000000 1 6.000000 6.000000 6.000000
2 1707713988 0.000000 1 0.000000 0.000000 0.000000
3 1707713988 0.000000 1 0.000000 0.000000 0.000000
4 1707713988 0.000000 1 0.000000 0.000000 0.000000
1 1707713989 6.000000 1 6.000000 6.000000 6.000000
2 1707713989 0.000000 1 0.000000 0.000000 0.000000
3 1707713989 0.000000 1 0.000000 0.000000 0.000000
4 1707713989 0.000000 1 0.000000 0.000000 0.000000
1 1707713990 6.000000 1 6.000000 6.000000 6.000000
2 1707713990 0.000000 1 0.000000 0.000000 0.000000
3 1707713990 0.000000 1 0.000000 0.000000 0.000000
4 1707713990 0.000000 1 0.000000 0.000000 0.000000
1 1707713991 6.000000 1 6.000000 6.000000 6.000000
2 1707713991 0.000000 1 0.000000 0.000000 0.000000
3 1707713991 0.000000 1 0.000000 0.000000 0.000000
4 1707713991 0.000000 1 0.000000 0.000000 0.000000
1 1707713992 6.000000 1 6.000000 6.000000 6.000000
2 1707713992 0.000000 1 0.000000 0.000000 0.000000
3 1707713992 0.000000 1 0.000000 0.000000 0.000000
4 1707713992 0.000000 1 0.000000 0.000000 0.000000
1 1707713993 6.000000 1 6.000000 6.000000 6.000000
2 1707713993 0.000000 1 0.000000 0.000000 0.000000
3 1707713993 0.000000 1 0.000000 0.000000 0.000000
4 1707713993 0.000000 1 0.000000 0.000000 0.000000
1 1707713994 6.000000 1 6.000000 6.000000 6.000000
2 1707713994 0.000000 1 0.000000 0.000000 0.000000
3 1707713994 0.000000 1 0.000000 0.000000 0.000000
4 1707713994 0.000000 1 0.000000 0.000000 0.000000
1 1707713995 6.000000 1 6.000000 6.000000 6.000000
2 1707713995 0.000000 1 0.000000 0.000000 0.000000
3 1707713995 0.000000 1 0.000000 0.000000 0.000000
4 1707713995 0.000000 1 0.000000 0.000000 0.000000
1 1707713996 6.000000 1 6.000000 6.000000 6.000000
2 1707713996 0.000000 1 0.000000 0.000000 0.000000
3 1707713996 0.000000 1 0.000000 0.000000 0.000000
4 1707713996 0.000000 1 0.000000 0.000000 0.000000
1 1707713997 6.000000 1 6.000000 6.000000 6.000000
2 1707713997 0.000000 1 0.000000 0.000000 0.000000
3 1707713997 0.000000 1 0.000000 0.000000 0.000000
4 1707713997 0.000000 1 0.000000 0.000000 0.000000
1 1707713998 6.000000 1 6.000000 6.000000 6.000000
2 1707713998 0.000000 1 0.000000 0.000000 0.000000
3 1707713998 0.000000 1 0.000000 0.000000 0.000000
4 1707713998 0.000000 1 0.000000 0.000000 0.000000
1 1707713999 6.000000 1 6.000000 6.000000 6.000000
2 1707713999 0.000000 1 0.000000 0.000000 0.000000
3 1707713999 0.000000 1 0.000000 0.000000 0.000000
4 1707713999 0.000000 1 0.000000 0.000000 0.000000
1 1707714000 7.000000 1 7.000000 7.000000 7.000000
2 1707714000 0.000000 1 0.000000 0.000000 0.000000
3 1707714000 0.000000 1 0.000000 0.000000 0.000000
4 1707714000 0.000000 1 0.000000 0.000000 0.000000
1 1707714001 7.000000 1 7.000000 7.000000 7.000000
2 1707714001 0.000000 1 0.000000 0.000000 0.000000
3 1707714001 0.000000 1 0.000000 0.000000 0.000000
4 1707714001 0.000000 1 0.000000 0.000000 0.000000
1 1707714002 7.000000 1 7.000000 7.000000 7.000000
2 1707714002 0.000000 1 0.000000 0.000000 0.000000
3 1707714002 0.000000 1 0.000000 0.000000 0.000000
4 1707714002 0.000000 1 0.000000 0.000000 0.000000
1 1707714003 7.000000 1 7.000000 7.000000 7.000000
2 1707714003 0.000000 1 0.000000 0.000000 0.000000
3 1707714003 0.000000 1 0.000000 0.000000 0.000000
4 1707714003 0.000000 1 0.000000 0.000000 0.000000
1 1707714004 7.000000 1 7.000000 7.000000 7.000000
2 1707714004 0.000000 1 0.000000 0.000000 0.000000
3 1707714004 0.000000 1 0.000000 0.000000 0.000000
4 1707714004 0.000000 1 0.000000 0.000000 0.000000
1 1707714005 7.000000 1 7.000000 7.000000 7.000000
2 1707714005 0.000000 1 0.000000 0.000000 0.000000
3 1707714005 0.000000 1 0.000000 0.000000 0.000000
4 1707714005 0.000000 1 0.000000 0.000000 0.000000
1 1707714006 7.000000 1 7.000000 7.000000 7.000000
2 1707714006 0.000000 1 0.000000 0.000000 0.000000
3 1707714006 0.000000 1 0.000000 0.000000 0.000000
4 1707714006 0.000000 1 0.000000 0.000000 0.000000
1 1707714007 7.000000 1 7.000000 7.000000 7.000000
2 1707714007 0.000000 1 0.000000 0.000000 0.000000
3 1707714007 0.000000 1 0.000000 0.000000 0.000000
4 1707714007 0.000000 1 0.000000 0.000000 0.000000
1 1707714008 7.000000 1 7.000000 7.000000 7.000000
2 1707714008 0.000000 1 0.000000 0.000000 0.000000
3 1707714008 0.000000 1 0.000000 0.000000 0.000000
4 1707714008 0.000000 1 0.000000 0.000000 0.000000
1 1707714009 7.000000 1 7.000000 7.000000 7.000000
2 1707714009 0.000000 1 0.000000 0.000000 0.000000
3 1707714009 0.000000 1 0.000000 0.000000 0.000000
4 1707714009 0.000000 1 0.000000 0.000000 0.000000
1 1707714010 7.000000 1 7.000000 7.000000 7.000000
2 1707714010 0.000000 1 0.000000 0.000000 0.000000
3 1707714010 0.000000 1 0.000000 0.000000 0.000000
4 1707714010 0.000000 1 0.000000 0.000000 0.000000
1 1707714011 7.000000 1 7.000000 7.000000 7.000000
2 1707714011 0.000000 1 0.000000 0.000000 0.000000
3 1707714011 0.000000 1 0.000000 0.000000 0.000000
4 1707714011 0.000000 1 0.000000 0.000000 0.000000
1 1707714012 7.000000 1 7.000000 7.000000 7.000000
2 1707714012 0.000000 1 0.000000 0.000000 0.000000
3 1707714012 0.000000 1 0.000000 0.000000 0.000000
4 1707714012 0.000000 1 0.000000 0.000000 0.000000
1 1707714013 7.000000 1 7.000000 7.000000 7.000000
2 1707714013 0.000000 1 0.000000 0.000000 0.000000
3 1707714013 0.000000 1 0.000000 0.000000 0.000000
4 1707714013 0.000000 1 0.000000 0.000000 0.000000
1 1707714014 7.000000 1 7.000000 7.000000 7.000000
2 1707714014 0.000000 1 0.000000 0.000000 0.000000
3 1707714014 0.000000 1 0.000000 0.000000 0.000000
4 1707714014 0.000000 1 0.000000 0.000000 0.000000
1 1707714015 8.000000 1 8.000000 8.000000 8.000000
2 1707714015 0.000000 1 0.000000 0.000000 0.000000
3 1707714015 0.000000 1 0.000000 0.000000 0.000000
4 1707714015 0.000000 1 0.000000 0.000000 0.000000
1 1707714016 8.000000 1 8.000000 8.000000 8.000000
2 1707714016 0.000000 1 0.000000 0.000000 0.000000
3 1707714016 0.000000 1 0.000000 0.000000 0.000000
4 1707714016 0.000000 1 0.000000 0.000000 0.000000
1 1707714017 8.000000 1 8.000000 8.000000 8.000000
2 1707714017 0.000000 1 0.000000 0.000000 0.000000
3 1707714017 0.000000 1 0.000000 0.000000 0.000000
4 1707714017 0.000000 1 0.000000 0.000000 0.000000
1 1707714019 8.000000 1 8.000000 8.000000 8.000000
2 1707714019 0.000000 1 0.000000 0.000000 0.000000
3 1707714019 0.000000 1 0.000000 0.000000 0.000000
4 1707714019 0.000000 1 0.000000 0.000000 0.000000
1 1707714020 8.000000 1 8.000000 8.000000 8.000000
2 1707714020 0.000000 1 0.000000 0.000000 0.000000
3 1707714020 0.000000 1 0.000000 0.000000 0.000000
4 1707714020 0.000000 1 0.000000 0.000000 0.000000
1 1707714021 8.000000 1 8.000000 8.000000 8.000000
2 1707714021 0.000000 1 0.000000 0.000000 0.000000
3 1707714021 0.000000 1 0.000000 0.000000 0.000000
4 1707714021 0.000000 1 0.000000 0.000000 0.000000
1 1707714022 8.000000 1 8.000000 8.000000 8.000000
2 1707714022 0.000000 1 0.000000 0.000000 0.000000
3 1707714022 0.000000 1 0.000000 0.000000 0.000000
4 1707714022 0.000000 1 0.000000 0.000000 0.000000
1 1707714023 8.000000 1 8.000000 8.000000 8.000000
2 1707714023 0.000000 1 0.000000 0.000000 0.000000
3 1707714023 0.000000 1 0.000000 0.000000 0.000000
4 1707714023 0.000000 1 0.000000 0.000000 0.000000
1 1707714024 8.000000 1 8.000000 8.000000 8.000000
2 1707714024 0.000000 1 0.000000 0.000000 0.000000
3 1707714024 0.000000 1 0.000000 0.000000 0.000000
4 1707714024 0.000000 1 0.000000 0.000000 0.000000
1 1707714025 8.000000 1 8.000000 8.000000 8.000000
2 1707714025 0.000000 1 0.000000 0.000000 0.000000
3 1707714025 0.000000 1 0.000000 0.000000 0.000000
4 1707714025 0.000000 1 0.000000 0.000000 0.000000
1 1707714026 8.000000 1 8.000000 8.000000 8.000000
2 1707714026 0.000000 1 0.000000 0.000000 0.000000
3 1707714026 0.000000 1 0.000000 0.000000 0.000000
4 1707714026 0.000000 1 0.000000 0.000000 0.000000
1 1707714027 8.000000 1 8.000000 8.000000 8.000000
2 1707714027 0.000000 1 0.000000 0.000000 0.000000
3 1707714027 0.000000 1 0.000000 0.000000 0.000000
4 1707714027 0.000000 1 0.000000 0.000000 0.000000
1 1707714028 8.000000 1 8.000000 8.000000 8.000000
2 1707714028 0.000000 1 0.000000 0.000000 0.000000
3 1707714028 0.000000 1 0.000000 0.000000 0.000000
4 1707714028 0.000000 1 0.000000 0.000000 0.000000
1 1707714029 8.000000 1 8.000000 8.000000 8.000000
2 1707714029 0.000000 1 0.000000 0.000000 0.000000
3 1707714029 0.000000 1 0.000000 0.000000 0.000000
4 1707714029 0.000000 1 0.000000 0.000000 0.000000
1 1707714030 8.000000 1 8.000000 8.000000 8.000000
2 1707714030 0.000000 1 0.000000 0.000000 0.000000
3 1707714030 0.000000 1 0.000000 0.000000 0.000000
4 1707714030 0.000000 1 0.000000 0.000000 0.000000
1 1707714031 8.000000 1 8.000000 8.000000 8.000000
2 1707714031 0.000000 1 0.000000 0.000000 0.000000
3 1707714031 0.000000 1 0.000000 0.000000 0.000000
4 1707714031 0.000000 1 0.000000 0.000000 0.000000
1 1707714032 8.000000 1 8.000000 8.000000 8.000000
2 1707714032 0.000000 1 0.000000 0.000000 0.000000
3 1707714032 0.000000 1 0.000000 0.000000 0.000000
4 1707714032 0.000000 1 0.000000 0.000000 0.000000
1 1707714033 8.000000 1 8.000000 8.000000 8.000000
2 1707714033 0.000000 1 0.000000 0.000000 0.000000
3 1707714033 0.000000 1 0.000000 0.000000 0.000000
4 1707714033 0.000000 1 0.000000 0.000000 0.000000
1 1707714034 8.000000 1 8.000000 8.000000 8.000000
2 1707714034 0.000000 1 0.000000 0.000000 0.000000
3 1707714034 0.000000 1 0.000000 0.000000 0.000000
4 1707714034 0.000000 1 0.000000 0.000000 0.000000
1 1707714035 8.000000 1 8.000000 8.000000 8.000000
2 1707714035 0.000000 1 0.000000 0.000000 0.000000
3 1707714035 0.000000 1 0.000000 0.000000 0.000000
4 1707714035 0.000000 1 0.000000 0.000000 0.000000
1 1707714036 8.000000 1 8.000000 8.000000 8.000000
2 1707714036 0.000000 1 0.000000 0.000000 0.000000
3 1707714036 0.000000 1 0.000000 0.000000 0.000000
4 1707714036 0.000000 1 0.000000 0.000000 0.000000
1 1707714037 8.000000 1 8.000000 8.000000 8.000000
2 1707714037 0.000000 1 0.000000 0.000000 0.000000
3 1707714037 0.000000 1 0.000000 0.000000 0.000000
4 1707714037 0.000000 1 0.000000 0.000000 0.000000
1 1707714038 8.000000 1 8.000000 8.000000 8.000000
2 1707714038 0.000000 1 0.000000 0.000000 0.000000
3 1707714038 0.000000 1 0.000000 0.000000 0.000000
4 1707714038 0.000000 1 0.000000 0.000000 0.000000
1 1707714039 8.000000 1 8.000000 8.000000 8.000000
2 1707714039 0.000000 1 0.000000 0.000000 0.000000
3 1707714039 0.000000 1 0.000000 0.000000 0.000000
4 1707714039 0.000000 1 0.000000 0.000000 0.000000
1 1707714040 8.000000 1 8.000000 8.000000 8.000000
2 1707714040 0.000000 1 0.000000 0.000000 0.000000
3 1707714040 0.000000 1 0.000000 0.000000 0.000000
4 1707714040 0.000000 1 0.000000 0.000000 0.000000
1 1707714041 8.000000 1 8.000000 8.000000 8.000000
2 1707714041 0.000000 1 0.000000 0.000000 0.000000
3 1707714041 0.000000 1 0.000000 0.000000 0.000000
4 1707714041 0.000000 1 0.000000 0.000000 0.000000
1 1707714042 8.000000 1 8.000000 8.000000 8.000000
2 1707714042 0.000000 1 0.000000 0.000000 0.000000
3 1707714042 0.000000 1 0.000000 0.000000 0.000000
4 1707714042 0.000000 1 0.000000 0.000000 0.000000
1 1707714043 8.000000 1 8.000000 8.000000 8.000000
2 1707714043 0.000000 1 0.000000 0.000000 0.000000
3 1707714043 0.000000 1 0.000000 0.000000 0.000000
4 1707714043 0.000000 1 0.000000 0.000000 0.000000
1 1707714044 8.000000 1 8.000000 8.000000 8.000000
2 1707714044 0.000000 1 0.000000 0.000000 0.000000
3 1707714044 0.000000 1 0.000000 0.000000 0.000000
4 1707714044 0.000000 1 0.000000 0.000000 0.000000
1 1707714045 8.000000 1 8.000000 8.000000 8.000000
2 1707714045 0.000000 1 0.000000 0.000000 0.000000
3 1707714045 0.000000 1 0.000000 0.000000 0.000000
4 1707714045 0.000000 1 0.000000 0.000000 0.000000
1 1707714046 8.000000 1 8.000000 8.000000 8.000000
2 1707714046 0.000000 1 0.000000 0.000000 0.000000
3 1707714046 0.000000 1 0.000000 0.000000 0.000000
4 1707714046 0.000000 1 0.000000 0.000000 0.000000
1 1707714047 8.000000 1 8.000000 8.000000 8.000000
2 1707714047 0.000000 1 0.000000 0.000000 0.000000
3 1707714047 0.000000 1 0.000000 0.000000 0.000000
4 1707714047 0.000000 1 0.000000 0.000000 0.000000
1 1707714048 8.000000 1 8.000000 8.000000 8.000000
2 1707714048 0.000000 1 0.000000 0.000000 0.000000
3 1707714048 0.000000 1 0.000000 0.000000 0.000000
4 1707714048 0.000000 1 0.000000 0.000000 0.000000
1 1707714049 8.000000 1 8.000000 8.000000 8.000000
2 1707714049 0.000000 1 0.000000 0.000000 0.000000
3 1707714049 0.000000 1 0.000000 0.000000 0.000000
4 1707714049 0.000000 1 0.000000 0.000000 0.000000
1 1707714050 8.000000 1 8.000000 8.000000 8.000000
2 1707714050 0.000000 1 0.000000 0.000000 0.000000
3 1707714050 0.000000 1 0.000000 0.000000 0.000000
4 1707714050 0.000000 1 0.000000 0.000000 0.000000
1 1707714051 8.000000 1 8.000000 8.000000 8.000000
2 1707714051 0.000000 1 0.000000 0.000000 0.000000
3 1707714051 0.000000 1 0.000000 0.000000 0.000000
4 1707714051 0.000000 1 0.000000 0.000000 0.000000
1 1707714052 8.000000 1 8.000000 8.000000 8.000000
2 1707714052 0.000000 1 0.000000 0.000000 0.000000
3 1707714052 0.000000 1 0.000000 0.000000 0.000000
4 1707714052 0.000000 1 0.000000 0.000000 0.000000
1 1707714053 8.000000 1 8.000000 8.000000 8.000000
2 1707714053 0.000000 1 0.000000 0.000000 0.000000
3 1707714053 0.000000 1 0.000000 0.000000 0.000000
4 1707714053 0.000000 1 0.000000 0.000000 0.000000
1 1707714054 8.000000 1 8.000000 8.000000 8.000000
2 1707714054 0.000000 1 0.000000 0.000000 0.000000
3 1707714054 0.000000 1 0.000000 0.000000 0.000000
4 1707714054 0.000000 1 0.000000 0.000000 0.000000
1 1707714055 8.000000 1 8.000000 8.000000 8.000000
2 1707714055 0.000000 1 0.000000 0.000000 0.000000
3 1707714055 0.000000 1 0.000000 0.000000 0.000000
4 1707714055 0.000000 1 0.000000 0.000000 0.000000
1 1707714056 8.000000 1 8.000000 8.000000 8.000000
2 1707714056 0.000000 1 0.000000 0.000000 0.000000
3 1707714056 0.000000 1 0.000000 0.000000 0.000000
4 1707714056 0.000000 1 0.000000 0.000000 0.000000
1 1707714057 8.000000 1 8.000000 8.000000 8.000000
2 1707714057 0.000000 1 0.000000 0.000000 0.000000
3 1707714057 0.000000 1 0.000000 0.000000 0.000000
4 1707714057 0.000000 1 0.000000 0.000000 0.000000
1 1707714058 8.000000 1 8.000000 8.000000 8.000000
2 1707714058 0.000000 1 0.000000 0.000000 0.000000
3 1707714058 0.000000 1 0.000000 0.000000 0.000000
4 1707714058 0.000000 1 0.000000 0.000000 0.000000
1 1707714059 8.000000 1 8.000000 8.000000 8.000000
2 1707714059 0.000000 1 0.000000 0.000000 0.000000
3 1707714059 0.000000 1 0.000000 0.000000 0.000000
4 1707714059 0.000000 1 0.000000 0.000000 0.000000
1 1707714060 8.000000 1 8.000000 8.000000 8.000000
2 1707714060 0.000000 1 0.000000 0.000000 0.000000
3 1707714060 0.000000 1 0.000000 0.000000 0.000000
4 1707714060 0.000000 1 0.000000 0.000000 0.000000
1 1707714061 8.000000 1 8.000000 8.000000 8.000000
2 1707714061 0.000000 1 0.000000 0.000000 0.000000
3 1707714061 0.000000 1 0.000000 0.000000 0.000000
4 1707714061 0.000000 1 0.000000 0.000000 0.000000
1 1707714062 8.000000 1 8.000000 8.000000 8.000000
2 1707714062 0.000000 1 0.000000 0.000000 0.000000
3 1707714062 0.000000 1 0.000000 0.000000 0.000000
4 1707714062 0.000000 1 0.000000 0.000000 0.000000
1 1707714063 8.000000 1 8.000000 8.000000 8.000000
2 1707714063 0.000000 1 0.000000 0.000000 0.000000
3 1707714063 0.000000 1 0.000000 0.000000 0.000000
4 1707714063 0.000000 1 0.000000 0.000000 0.000000
1 1707714064 8.000000 1 8.000000 8.000000 8.000000
2 1707714064 0.000000 1 0.000000 0.000000 0.000000
3 1707714064 0.000000 1 0.000000 0.000000 0.000000
4 1707714064 0.000000 1 0.000000 0.000000 0.000000
1 1707714065 8.000000 1 8.000000 8.000000 8.000000
2 1707714065 0.000000 1 0.000000 0.000000 0.000000
3 1707714065 0.000000 1 0.000000 0.000000 0.000000
4 1707714065 0.000000 1 0.000000 0.000000 0.000000
1 1707714066 8.000000 1 8.000000 8.000000 8.000000
2 1707714066 0.000000 1 0.000000 0.000000 0.000000
3 1707714066 0.000000 1 0.000000 0.000000 0.000000
4 1707714066 0.000000 1 0.000000 0.000000 0.000000
1 1707714067 8.000000 1 8.000000 8.000000 8.000000
2 1707714067 0.000000 1 0.000000 0.000000 0.000000
3 1707714067 0.000000 1 0.000000 0.000000 0.000000
4 1707714067 0.000000 1 0.000000 0.000000 0.000000
1 1707714068 8.000000 1 8.000000 8.000000 8.000000
2 1707714068 0.000000 1 0.000000 0.000000 0.000000
3 1707714068 0.000000 1 0.000000 0.000000 0.000000
4 1707714068 0.000000 1 0.000000 0.000000 0.000000
1 1707714069 8.000000 1 8.000000 8.000000 8.000000
2 1707714069 0.000000 1 0.000000 0.000000 0.000000
3 1707714069 0.000000 1 0.000000 0.000000 0.000000
4 1707714069 0.000000 1 0.000000 0.000000 0.000000
1 1707714070 8.000000 1 8.000000 8.000000 8.000000
2 1707714070 0.000000 1 0.000000 0.000000 0.000000
3 1707714070 0.000000 1 0.000000 0.000000 0.000000
4 1707714070 0.000000 1 0.000000 0.000000 0.000000
1 1707714071 8.000000 1 8.000000 8.000000 8.000000
2 1707714071 0.000000 1 0.000000 0.000000 0.000000
3 1707714071 0.000000 1 0.000000 0.000000 0.000000
4 1707714071 0.000000 1 0.000000 0.000000 0.000000
1 1707714072 8.000000 1 8.000000 8.000000 8.000000
2 1707714072 0.000000 1 0.000000 0.000000 0.000000
3 1707714072 0.000000 1 0.000000 0.000000 0.000000
4 1707714072 0.000000 1 0.000000 0.000000 0.000000
1 1707714073 8.000000 1 8.000000 8.000000 8.000000
2 1707714073 0.000000 1 0.000000 0.000000 0.000000
3 1707714073 0.000000 1 0.000000 0.000000 0.000000
4 1707714073 0.000000 1 0.000000 0.000000 0.000000
1 1707714074 8.000000 1 8.000000 8.000000 8.000000
2 1707714074 0.000000 1 0.000000 0.000000 0.000000
3 1707714074 0.000000 1 0.000000 0.000000 0.000000
4 1707714074 0.000000 1 0.000000 0.000000 0.000000
1 1707714075 8.000000 1 8.000000 8.000000 8.000000
2 1707714075 0.000000 1 0.000000 0.000000 0.000000
3 1707714075 0.000000 1 0.000000 0.000000 0.000000
4 1707714075 0.000000 1 0.000000 0.000000 0.000000
1 1707714076 8.000000 1 8.000000 8.000000 8.000000
2 1707714076 0.000000 1 0.000000 0.000000 0.000000
3 1707714076 0.000000 1 0.000000 0.000000 0.000000
4 1707714076 0.000000 1 0.000000 0.000000 0.000000
1 1707714077 8.000000 1 8.000000 8.000000 8.000000
2 1707714077 0.000000 1 0.000000 0.000000 0.000000
3 1707714077 0.000000 1 0.000000 0.000000 0.000000
4 1707714077 0.000000 1 0.000000 0.000000 0.000000
1 1707714078 8.000000 1 8.000000 8.000000 8.000000
2 1707714078 0.000000 1 0.000000 0.000000 0.000000
3 1707714078 0.000000 1 0.000000 0.000000 0.000000
4 1707714078 0.000000 1 0.000000 0.000000 0.000000
1 1707714079 8.000000 1 8.000000 8.000000 8.000000
2 1707714079 0.000000 1 0.000000 0.000000 0.000000
3 1707714079 0.000000 1 0.000000 0.000000 0.000000
4 1707714079 0.000000 1 0.000000 0.000000 0.000000
1 1707714081 8.000000 1 8.000000 8.000000 8.000000
2 1707714081 0.000000 1 0.000000 0.000000 0.000000
3 1707714081 0.000000 1 0.000000 0.000000 0.000000
4 1707714081 0.000000 1 0.000000 0.000000 0.000000
1 1707714082 8.000000 1 8.000000 8.000000 8.000000
2 1707714082 0.000000 1 0.000000 0.000000 0.000000
3 1707714082 0.000000 1 0.000000 0.000000 0.000000
4 1707714082 0.000000 1 0.000000 0.000000 0.000000
1 1707714083 8.000000 1 8.000000 8.000000 8.000000
2 1707714083 0.000000 1 0.000000 0.000000 0.000000
3 1707714083 0.000000 1 0.000000 0.000000 0.000000
4 1707714083 0.000000 1 0.000000 0.000000 0.000000
1 1707714084 8.000000 1 8.000000 8.000000 8.000000
2 1707714084 0.000000 1 0.000000 0.000000 0.000000
3 1707714084 0.000000 1 0.000000 0.000000 0.000000
4 1707714084 0.000000 1 0.000000 0.000000 0.000000
1 1707714085 8.000000 1 8.000000 8.000000 8.000000
2 1707714085 0.000000 1 0.000000 0.000000 0.000000
3 1707714085 0.000000 1 0.000000 0.000000 0.000000
4 1707714085 0.000000 1 0.000000 0.000000 0.000000
1 1707714086 8.000000 1 8.000000 8.000000 8.000000
2 1707714086 0.000000 1 0.000000 0.000000 0.000000
3 1707714086 0.000000 1 0.000000 0.000000 0.000000
4 1707714086 0.000000 1 0.000000 0.000000 0.000000
1 1707714087 8.000000 1 8.000000 8.000000 8.000000
2 1707714087 0.000000 1 0.000000 0.000000 0.000000
3 1707714087 0.000000 1 0.000000 0.000000 0.000000
4 1707714087 0.000000 1 0.000000 0.000000 0.000000
1 1707714088 8.000000 1 8.000000 8.000000 8.000000
2 1707714088 0.000000 1 0.000000 0.000000 0.000000
3 1707714088 0.000000 1 0.000000 0.000000 0.000000
4 1707714088 0.000000 1 0.000000 0.000000 0.000000
1 1707714089 8.000000 1 8.000000 8.000000 8.000000
2 1707714089 0.000000 1 0.000000 0.000000 0.000000
3 1707714089 0.000000 1 0.000000 0.000000 0.000000
4 1707714089 0.000000 1 0.000000 0.000000 0.000000
1 1707714090 8.000000 1 8.000000 8.000000 8.000000
2 1707714090 0.000000 1 0.000000 0.000000 0.000000
3 1707714090 0.000000 1 0.000000 0.000000 0.000000
4 1707714090 0.000000 1 0.000000 0.000000 0.000000
1 1707714091 8.000000 1 8.000000 8.000000 8.000000
2 1707714091 0.000000 1 0.000000 0.000000 0.000000
3 1707714091 0.000000 1 0.000000 0.000000 0.000000
4 1707714091 0.000000 1 0.000000 0.000000 0.000000
1 1707714092 8.000000 1 8.000000 8.000000 8.000000
2 1707714092 0.000000 1 0.000000 0.000000 0.000000
3 1707714092 0.000000 1 0.000000 0.000000 0.000000
4 1707714092 0.000000 1 0.000000 0.000000 0.000000
1 1707714093 8.000000 1 8.000000 8.000000 8.000000
2 1707714093 0.000000 1 0.000000 0.000000 0.000000
3 1707714093 0.000000 1 0.000000 0.000000 0.000000
4 1707714093 0.000000 1 0.000000 0.000000 0.000000
1 1707714094 8.000000 1 8.000000 8.000000 8.000000
2 1707714094 0.000000 1 0.000000 0.000000 0.000000
3 1707714094 0.000000 1 0.000000 0.000000 0.000000
4 1707714094 0.000000 1 0.000000 0.000000 0.000000
1 1707714095 8.000000 1 8.000000 8.000000 8.000000
2 1707714095 0.000000 1 0.000000 0.000000 0.000000
3 1707714095 0.000000 1 0.000000 0.000000 0.000000
4 1707714095 0.000000 1 0.000000 0.000000 0.000000
1 1707714096 8.000000 1 8.000000 8.000000 8.000000
2 1707714096 0.000000 1 0.000000 0.000000 0.000000
3 1707714096 0.000000 1 0.000000 0.000000 0.000000
4 1707714096 0.000000 1 0.000000 0.000000 0.000000
1 1707714097 8.000000 1 8.000000 8.000000 8.000000
2 1707714097 0.000000 1 0.000000 0.000000 0.000000
3 1707714097 0.000000 1 0.000000 0.000000 0.000000
4 1707714097 0.000000 1 0.000000 0.000000 0.000000
1 1707714098 8.000000 1 8.000000 8.000000 8.000000
2 1707714098 0.000000 1 0.000000 0.000000 0.000000
3 1707714098 0.000000 1 0.000000 0.000000 0.000000
4 1707714098 0.000000 1 0.000000 0.000000 0.000000
1 1707714099 8.000000 1 8.000000 8.000000 8.000000
2 1707714099 0.000000 1 0.000000 0.000000 0.000000
3 1707714099 0.000000 1 0.000000 0.000000 0.000000
4 1707714099 0.000000 1 0.000000 0.000000 0.000000
1 1707714100 8.000000 1 8.000000 8.000000 8.000000
2 1707714100 0.000000 1 0.000000 0.000000 0.000000
3 1707714100 0.000000 1 0.000000 0.000000 0.000000
4 1707714100 0.000000 1 0.000000 0.000000 0.000000
1 1707714101 8.000000 1 8.000000 8.000000 8.000000
2 1707714101 0.000000 1 0.000000 0.000000 0.000000
3 1707714101 0.000000 1 0.000000 0.000000 0.000000
4 1707714101 0.000000 1 0.000000 0.000000 0.000000
1 1707714102 8.000000 1 8.000000 8.000000 8.000000
2 1707714102 0.000000 1 0.000000 0.000000 0.000000
3 1707714102 0.000000 1 0.000000 0.000000 0.000000
4 1707714102 0.000000 1 0.000000 0.000000 0.000000
1 1707714103 8.000000 1 8.000000 8.000000 8.000000
2 1707714103 0.000000 1 0.000000 0.000000 0.000000
3 1707714103 0.000000 1 0.000000 0.000000 0.000000
4 1707714103 0.000000 1 0.000000 0.000000 0.000000
1 1707714104 8.000000 1 8.000000 8.000000 8.000000
2 1707714104 0.000000 1 0.000000 0.000000 0.000000
3 1707714104 0.000000 1 0.000000 0.000000 0.000000
4 1707714104 0.000000 1 0.000000 0.000000 0.000000
1 1707714105 8.000000 1 8.000000 8.000000 8.000000
2 1707714105 0.000000 1 0.000000 0.000000 0.000000
3 1707714105 0.000000 1 0.000000 0.000000 0.000000
4 1707714105 0.000000 1 0.000000 0.000000 0.000000
1 1707714106 8.000000 1 8.000000 8.000000 8.000000
2 1707714106 0.000000 1 0.000000 0.000000 0.000000
3 1707714106 0.000000 1 0.000000 0.000000 0.000000
4 1707714106 0.000000 1 0.000000 0.000000 0.000000
1 1707714107 8.000000 1 8.000000 8.000000 8.000000
2 1707714107 0.000000 1 0.000000 0.000000 0.000000
3 1707714107 0.000000 1 0.000000 0.000000 0.000000
4 1707714107 0.000000 1 0.000000 0.000000 0.000000
1 1707714108 8.000000 1 8.000000 8.000000 8.000000
2 1707714108 0.000000 1 0.000000 0.000000 0.000000
3 1707714108 0.000000 1 0.000000 0.000000 0.000000
4 1707714108 0.000000 1 0.000000 0.000000 0.000000
1 1707714109 8.000000 1 8.000000 8.000000 8.000000
2 1707714109 0.000000 1 0.000000 0.000000 0.000000
3 1707714109 0.000000 1 0.000000 0.000000 0.000000
4 1707714109 0.000000 1 0.000000 0.000000 0.000000
1 1707714110 8.000000 1 8.000000 8.000000 8.000000
2 1707714110 0.000000 1 0.000000 0.000000 0.000000
3 1707714110 0.000000 1 0.000000 0.000000 0.000000
4 1707714110 0.000000 1 0.000000 0.000000 0.000000
1 1707714111 8.000000 1 8.000000 8.000000 8.000000
2 1707714111 0.000000 1 0.000000 0.000000 0.000000
3 1707714111 0.000000 1 0.000000 0.000000 0.000000
4 1707714111 0.000000 1 0.000000 0.000000 0.000000
1 1707714112 8.000000 1 8.000000 8.000000 8.000000
2 1707714112 0.000000 1 0.000000 0.000000 0.000000
3 1707714112 0.000000 1 0.000000 0.000000 0.000000
4 1707714112 0.000000 1 0.000000 0.000000 0.000000
1 1707714113 8.000000 1 8.000000 8.000000 8.000000
2 1707714113 0.000000 1 0.000000 0.000000 0.000000
3 1707714113 0.000000 1 0.000000 0.000000 0.000000
4 1707714113 0.000000 1 0.000000 0.000000 0.000000
1 1707714114 8.000000 1 8.000000 8.000000 8.000000
2 1707714114 0.000000 1 0.000000 0.000000 0.000000
3 1707714114 0.000000 1 0.000000 0.000000 0.000000
4 1707714114 0.000000 1 0.000000 0.000000 0.000000
1 1707714115 8.000000 1 8.000000 8.000000 8.000000
2 1707714115 0.000000 1 0.000000 0.000000 0.000000
3 1707714115 0.000000 1 0.000000 0.000000 0.000000
4 1707714115 0.000000 1 0.000000 0.000000 0.000000
1 1707714116 8.000000 1 8.000000 8.000000 8.000000
2 1707714116 0.000000 1 0.000000 0.000000 0.000000
3 1707714116 0.000000 1 0.000000 0.000000 0.000000
4 1707714116 0.000000 1 0.000000 0.000000 0.000000
1 1707714117 8.000000 1 8.000000 8.000000 8.000000
2 1707714117 0.000000 1 0.000000 0.000000 0.000000
3 1707714117 0.000000 1 0.000000 0.000000 0.000000
4 1707714117 0.000000 1 0.000000 0.000000 0.000000
1 1707714118 8.000000 1 8.000000 8.000000 8.000000
2 1707714118 0.000000 1 0.000000 0.000000 0.000000
3 1707714118 0.000000 1 0.000000 0.000000 0.000000
4 1707714118 0.000000 1 0.000000 0.000000 0.000000
1 1707714119 8.000000 1 8.000000 8.000000 8.000000
2 1707714119 0.000000 1 0.000000 0.000000 0.000000
3 1707714119 0.000000 1 0.000000 0.000000 0.000000
4 1707714119 0.000000 1 0.000000 0.000000 0.000000
1 1707714120 8.000000 1 8.000000 8.000000 8.000000
2 1707714120 0.000000 1 0.000000 0.000000 0.000000
3 1707714120 0.000000 1 0.000000 0.000000 0.000000
4 1707714120 0.000000 1 0.000000 0.000000 0.000000
1 1707714121 8.000000 1 8.000000 8.000000 8.000000
2 1707714121 0.000000 1 0.000000 0.000000 0.000000
3 1707714121 0.000000 1 0.000000 0.000000 0.000000
4 1707714121 0.000000 1 0.000000 0.000000 0.000000
1 1707714122 8.000000 1 8.000000 8.000000 8.000000
2 1707714122 0.000000 1 0.000000 0.000000 0.000000
3 1707714122 0.000000 1 0.000000 0.000000 0.000000
4 1707714122 0.000000 1 0.000000 0.000000 0.000000
1 1707714123 8.000000 1 8.000000 8.000000 8.000000
2 1707714123 0.000000 1 0.000000 0.000000 0.000000
3 1707714123 0.000000 1 0.000000 0.000000 0.000000
4 1707714123 0.000000 1 0.000000 0.000000 0.000000
1 1707714124 8.000000 1 8.000000 8.000000 8.000000
2 1707714124 0.000000 1 0.000000 0.000000 0.000000
3 1707714124 0.000000 1 0.000000 0.000000 0.000000
4 1707714124 0.000000 1 0.000000 0.000000 0.000000
1 1707714125 8.000000 1 8.000000 8.000000 8.000000
2 1707714125 0.000000 1 0.000000 0.000000 0.000000
3 1707714125 0.000000 1 0.000000 0.000000 0.000000
4 1707714125 0.000000 1 0.000000 0.000000 0.000000
1 1707714126 8.000000 1 8.000000 8.000000 8.000000
2 1707714126 0.000000 1 0.000000 0.000000 0.000000
3 1707714126 0.000000 1 0.000000 0.000000 0.000000
4 1707714126 0.000000 1 0.000000 0.000000 0.000000
1 1707714127 8.000000 1 8.000000 8.000000 8.000000
2 1707714127 0.000000 1 0.000000 0.000000 0.000000
3 1707714127 0.000000 1 0.000000 0.000000 0.000000
4 1707714127 0.000000 1 0.000000 0.000000 0.000000
1 1707714128 8.000000 1 8.000000 8.000000 8.000000
2 1707714128 0.000000 1 0.000000 0.000000 0.000000
3 1707714128 0.000000 1 0.000000 0.000000 0.000000
4 1707714128 0.000000 1 0.000000 0.000000 0.000000
1 1707714129 8.000000 1 8.000000 8.000000 8.000000
2 1707714129 0.000000 1 0.000000 0.000000 0.000000
3 1707714129 0.000000 1 0.000000 0.000000 0.000000
4 1707714129 0.000000 1 0.000000 0.000000 0.000000
1 1707714130 8.000000 1 8.000000 8.000000 8.000000
2 1707714130 0.000000 1 0.000000 0.000000 0.000000
3 1707714130 0.000000 1 0.000000 0.000000 0.000000
4 1707714130 0.000000 1 0.000000 0.000000 0.000000
1 1707714131 8.000000 1 8.000000 8.000000 8.000000
2 1707714131 0.000000 1 0.000000 0.000000 0.000000
3 1707714131 0.000000 1 0.000000 0.000000 0.000000
4 1707714131 0.000000 1 0.000000 0.000000 0.000000
1 1707714132 8.000000 1 8.000000 8.000000 8.000000
2 1707714132 0.000000 1 0.000000 0.000000 0.000000
3 1707714132 0.000000 1 0.000000 0.000000 0.000000
4 1707714132 0.000000 1 0.000000 0.000000 0.000000
1 1707714133 8.000000 1 8.000000 8.000000 8.000000
2 1707714133 0.000000 1 0.000000 0.000000 0.000000
3 1707714133 0.000000 1 0.000000 0.000000 0.000000
4 1707714133 0.000000 1 0.000000 0.000000 0.000000
1 1707714134 8.000000 1 8.000000 8.000000 8.000000
2 1707714134 0.000000 1 0.000000 0.000000 0.000000
3 1707714134 0.000000 1 0.000000 0.000000 0.000000
4 1707714134 0.000000 1 0.000000 0.000000 0.000000
1 1707714135 8.000000 1 8.000000 8.000000 8.000000
2 1707714135 0.000000 1 0.000000 0.000000 0.000000
3 1707714135 0.000000 1 0.000000 0.000000 0.000000
4 1707714135 0.000000 1 0.000000 0.000000 0.000000
1 1707714136 8.000000 1 8.000000 8.000000 8.000000
2 1707714136 0.000000 1 0.000000 0.000000 0.000000
3 1707714136 0.000000 1 0.000000 0.000000 0.000000
4 1707714136 0.000000 1 0.000000 0.000000 0.000000
1 1707714137 8.000000 1 8.000000 8.000000 8.000000
2 1707714137 0.000000 1 0.000000 0.000000 0.000000
3 1707714137 0.000000 1 0.000000 0.000000 0.000000
4 1707714137 0.000000 1 0.000000 0.000000 0.000000
1 1707714138 8.000000 1 8.000000 8.000000 8.000000
2 1707714138 0.000000 1 0.000000 0.000000 0.000000
3 1707714138 0.000000 1 0.000000 0.000000 0.000000
4 1707714138 0.000000 1 0.000000 0.000000 0.000000
1 1707714139 8.000000 1 8.000000 8.000000 8.000000
2 1707714139 0.000000 1 0.000000 0.000000 0.000000
3 1707714139 0.000000 1 0.000000 0.000000 0.000000
4 1707714139 0.000000 1 0.000000 0.000000 0.000000
1 1707714140 8.000000 1 8.000000 8.000000 8.000000
2 1707714140 0.000000 1 0.000000 0.000000 0.000000
3 1707714140 0.000000 1 0.000000 0.000000 0.000000
4 1707714140 0.000000 1 0.000000 0.000000 0.000000
1 1707714141 8.000000 1 8.000000 8.000000 8.000000
2 1707714141 0.000000 1 0.000000 0.000000 0.000000
3 1707714141 0.000000 1 0.000000 0.000000 0.000000
4 1707714141 0.000000 1 0.000000 0.000000 0.000000
1 1707714143 8.000000 1 8.000000 8.000000 8.000000
2 1707714143 0.000000 1 0.000000 0.000000 0.000000
3 1707714143 0.000000 1 0.000000 0.000000 0.000000
4 1707714143 0.000000 1 0.000000 0.000000 0.000000
1 1707714144 8.000000 1 8.000000 8.000000 8.000000
2 1707714144 0.000000 1 0.000000 0.000000 0.000000
3 1707714144 0.000000 1 0.000000 0.000000 0.000000
4 1707714144 0.000000 1 0.000000 0.000000 0.000000
1 1707714145 8.000000 1 8.000000 8.000000 8.000000
2 1707714145 0.000000 1 0.000000 0.000000 0.000000
3 1707714145 0.000000 1 0.000000 0.000000 0.000000
4 1707714145 0.000000 1 0.000000 0.000000 0.000000
1 1707714146 8.000000 1 8.000000 8.000000 8.000000
2 1707714146 0.000000 1 0.000000 0.000000 0.000000
3 1707714146 0.000000 1 0.000000 0.000000 0.000000
4 1707714146 0.000000 1 0.000000 0.000000 0.000000
1 1707714147 8.000000 1 8.000000 8.000000 8.000000
2 1707714147 0.000000 1 0.000000 0.000000 0.000000
3 1707714147 0.000000 1 0.000000 0.000000 0.000000
4 1707714147 0.000000 1 0.000000 0.000000 0.000000
1 1707714148 8.000000 1 8.000000 8.000000 8.000000
2 1707714148 0.000000 1 0.000000 0.000000 0.000000
3 1707714148 0.000000 1 0.000000 0.000000 0.000000
4 1707714148 0.000000 1 0.000000 0.000000 0.000000
1 1707714149 8.000000 1 8.000000 8.000000 8.000000
2 1707714149 0.000000 1 0.000000 0.000000 0.000000
3 1707714149 0.000000 1 0.000000 0.000000 0.000000
4 1707714149 0.000000 1 0.000000 0.000000 0.000000
1 1707714150 8.000000 1 8.000000 8.000000 8.000000
2 1707714150 0.000000 1 0.000000 0.000000 0.000000
3 1707714150 0.000000 1 0.000000 0.000000 0.000000
4 1707714150 0.000000 1 0.000000 0.000000 0.000000
1 1707714151 8.000000 1 8.000000 8.000000 8.000000
2 1707714151 0.000000 1 0.000000 0.000000 0.000000
3 1707714151 0.000000 1 0.000000 0.000000 0.000000
4 1707714151 0.000000 1 0.000000 0.000000 0.000000
1 1707714152 8.000000 1 8.000000 8.000000 8.000000
2 1707714152 0.000000 1 0.000000 0.000000 0.000000
3 1707714152 0.000000 1 0.000000 0.000000 0.000000
4 1707714152 0.000000 1 0.000000 0.000000 0.000000
1 1707714153 8.000000 1 8.000000 8.000000 8.000000
2 1707714153 0.000000 1 0.000000 0.000000 0.000000
3 1707714153 0.000000 1 0.000000 0.000000 0.000000
4 1707714153 0.000000 1 0.000000 0.000000 0.000000
1 1707714154 8.000000 1 8.000000 8.000000 8.000000
2 1707714154 0.000000 1 0.000000 0.000000 0.000000
3 1707714154 0.000000 1 0.000000 0.000000 0.000000
4 1707714154 0.000000 1 0.000000 0.000000 0.000000
1 1707714155 8.000000 1 8.000000 8.000000 8.000000
2 1707714155 0.000000 1 0.000000 0.000000 0.000000
3 1707714155 0.000000 1 0.000000 0.000000 0.000000
4 1707714155 0.000000 1 0.000000 0.000000 0.000000
1 1707714156 8.000000 1 8.000000 8.000000 8.000000
2 1707714156 0.000000 1 0.000000 0.000000 0.000000
3 1707714156 0.000000 1 0.000000 0.000000 0.000000
4 1707714156 0.000000 1 0.000000 0.000000 0.000000
1 1707714157 8.000000 1 8.000000 8.000000 8.000000
2 1707714157 0.000000 1 0.000000 0.000000 0.000000
3 1707714157 0.000000 1 0.000000 0.000000 0.000000
4 1707714157 0.000000 1 0.000000 0.000000 0.000000
1 1707714158 8.000000 1 8.000000 8.000000 8.000000
2 1707714158 0.000000 1 0.000000 0.000000 0.000000
3 1707714158 0.000000 1 0.000000 0.000000 0.000000
4 1707714158 0.000000 1 0.000000 0.000000 0.000000
1 1707714159 8.000000 1 8.000000 8.000000 8.000000
2 1707714159 0.000000 1 0.000000 0.000000 0.000000
3 1707714159 0.000000 1 0.000000 0.000000 0.000000
4 1707714159 0.000000 1 0.000000 0.000000 0.000000
1 1707714160 8.000000 1 8.000000 8.000000 8.000000
2 1707714160 0.000000 1 0.000000 0.000000 0.000000
3 1707714160 0.000000 1 0.000000 0.000000 0.000000
4 1707714160 0.000000 1 0.000000 0.000000 0.000000
1 1707714161 8.000000 1 8.000000 8.000000 8.000000
2 1707714161 0.000000 1 0.000000 0.000000 0.000000
3 1707714161 0.000000 1 0.000000 0.000000 0.000000
4 1707714161 0.000000 1 0.000000 0.000000 0.000000
1 1707714162 8.000000 1 8.000000 8.000000 8.000000
2 1707714162 0.000000 1 0.000000 0.000000 0.000000
3 1707714162 0.000000 1 0.000000 0.000000 0.000000
4 1707714162 0.000000 1 0.000000 0.000000 0.000000
1 1707714163 8.000000 1 8.000000 8.000000 8.000000
2 1707714163 0.000000 1 0.000000 0.000000 0.000000
3 1707714163 0.000000 1 0.000000 0.000000 0.000000
4 1707714163 0.000000 1 0.000000 0.000000 0.000000
1 1707714164 8.000000 1 8.000000 8.000000 8.000000
2 1707714164 0.000000 1 0.000000 0.000000 0.000000
3 1707714164 0.000000 1 0.000000 0.000000 0.000000
4 1707714164 0.000000 1 0.000000 0.000000 0.000000
1 1707714165 8.000000 1 8.000000 8.000000 8.000000
2 1707714165 0.000000 1 0.000000 0.000000 0.000000
3 1707714165 0.000000 1 0.000000 0.000000 0.000000
4 1707714165 0.000000 1 0.000000 0.000000 0.000000
1 1707714166 8.000000 1 8.000000 8.000000 8.000000
2 1707714166 0.000000 1 0.000000 0.000000 0.000000
3 1707714166 0.000000 1 0.000000 0.000000 0.000000
4 1707714166 0.000000 1 0.000000 0.000000 0.000000
1 1707714167 8.000000 1 8.000000 8.000000 8.000000
2 1707714167 0.000000 1 0.000000 0.000000 0.000000
3 1707714167 0.000000 1 0.000000 0.000000 0.000000
4 1707714167 0.000000 1 0.000000 0.000000 0.000000
1 1707714168 8.000000 1 8.000000 8.000000 8.000000
2 1707714168 0.000000 1 0.000000 0.000000 0.000000
3 1707714168 0.000000 1 0.000000 0.000000 0.000000
4 1707714168 0.000000 1 0.000000 0.000000 0.000000
1 1707714169 8.000000 1 8.000000 8.000000 8.000000
2 1707714169 0.000000 1 0.000000 0.000000 0.000000
3 1707714169 0.000000 1 0.000000 0.000000 0.000000
4 1707714169 0.000000 1 0.000000 0.000000 0.000000
1 1707714170 8.000000 1 8.000000 8.000000 8.000000
2 1707714170 0.000000 1 0.000000 0.000000 0.000000
3 1707714170 0.000000 1 0.000000 0.000000 0.000000
4 1707714170 0.000000 1 0.000000 0.000000 0.000000
1 1707714171 8.000000 1 8.000000 8.000000 8.000000
2 1707714171 0.000000 1 0.000000 0.000000 0.000000
3 1707714171 0.000000 1 0.000000 0.000000 0.000000
4 1707714171 0.000000 1 0.000000 0.000000 0.000000
1 1707714172 8.000000 1 8.000000 8.000000 8.000000
2 1707714172 0.000000 1 0.000000 0.000000 0.000000
3 1707714172 0.000000 1 0.000000 0.000000 0.000000
4 1707714172 0.000000 1 0.000000 0.000000 0.000000
1 1707714173 8.000000 1 8.000000 8.000000 8.000000
2 1707714173 0.000000 1 0.000000 0.000000 0.000000
3 1707714173 0.000000 1 0.000000 0.000000 0.000000
4 1707714173 0.000000 1 0.000000 0.000000 0.000000
1 1707714174 8.000000 1 8.000000 8.000000 8.000000
2 1707714174 0.000000 1 0.000000 0.000000 0.000000
3 1707714174 0.000000 1 0.000000 0.000000 0.000000
4 1707714174 0.000000 1 0.000000 0.000000 0.000000
1 1707714175 8.000000 1 8.000000 8.000000 8.000000
2 1707714175 0.000000 1 0.000000 0.000000 0.000000
3 1707714175 0.000000 1 0.000000 0.000000 0.000000
4 1707714175 0.000000 1 0.000000 0.000000 0.000000
1 1707714176 8.000000 1 8.000000 8.000000 8.000000
2 1707714176 0.000000 1 0.000000 0.000000 0.000000
3 1707714176 0.000000 1 0.000000 0.000000 0.000000
4 1707714176 0.000000 1 0.000000 0.000000 0.000000
1 1707714177 8.000000 1 8.000000 8.000000 8.000000
2 1707714177 0.000000 1 0.000000 0.000000 0.000000
3 1707714177 0.000000 1 0.000000 0.000000 0.000000
4 1707714177 0.000000 1 0.000000 0.000000 0.000000
1 1707714178 8.000000 1 8.000000 8.000000 8.000000
2 1707714178 0.000000 1 0.000000 0.000000 0.000000
3 1707714178 0.000000 1 0.000000 0.000000 0.000000
4 1707714178 0.000000 1 0.000000 0.000000 0.000000
1 1707714179 8.000000 1 8.000000 8.000000 8.000000
2 1707714179 0.000000 1 0.000000 0.000000 0.000000
3 1707714179 0.000000 1 0.000000 0.000000 0.000000
4 1707714179 0.000000 1 0.000000 0.000000 0.000000
1 1707714180 8.000000 1 8.000000 8.000000 8.000000
2 1707714180 0.000000 1 0.000000 0.000000 0.000000
3 1707714180 0.000000 1 0.000000 0.000000 0.000000
4 1707714180 0.000000 1 0.000000 0.000000 0.000000
1 1707714181 8.000000 1 8.000000 8.000000 8.000000
2 1707714181 0.000000 1 0.000000 0.000000 0.000000
3 1707714181 0.000000 1 0.000000 0.000000 0.000000
4 1707714181 0.000000 1 0.000000 0.000000 0.000000
1 1707714182 8.000000 1 8.000000 8.000000 8.000000
2 1707714182 0.000000 1 0.000000 0.000000 0.000000
3 1707714182 0.000000 1 0.000000 0.000000 0.000000
4 1707714182 0.000000 1 0.000000 0.000000 0.000000
1 1707714183 8.000000 1 8.000000 8.000000 8.000000
2 1707714183 0.000000 1 0.000000 0.000000 0.000000
3 1707714183 0.000000 1 0.000000 0.000000 0.000000
4 1707714183 0.000000 1 0.000000 0.000000 0.000000
1 1707714184 8.000000 1 8.000000 8.000000 8.000000
2 1707714184 0.000000 1 0.000000 0.000000 0.000000
3 1707714184 0.000000 1 0.000000 0.000000 0.000000
4 1707714184 0.000000 1 0.000000 0.000000 0.000000
1 1707714185 8.000000 1 8.000000 8.000000 8.000000
2 1707714185 0.000000 1 0.000000 0.000000 0.000000
3 1707714185 0.000000 1 0.000000 0.000000 0.000000
4 1707714185 0.000000 1 0.000000 0.000000 0.000000
1 1707714186 8.000000 1 8.000000 8.000000 8.000000
2 1707714186 0.000000 1 0.000000 0.000000 0.000000
3 1707714186 0.000000 1 0.000000 0.000000 0.000000
4 1707714186 0.000000 1 0.000000 0.000000 0.000000
1 1707714187 8.000000 1 8.000000 8.000000 8.000000
2 1707714187 0.000000 1 0.000000 0.000000 0.000000
3 1707714187 0.000000 1 0.000000 0.000000 0.000000
4 1707714187 0.000000 1 0.000000 0.000000 0.000000
1 1707714188 8.000000 1 8.000000 8.000000 8.000000
2 1707714188 0.000000 1 0.000000 0.000000 0.000000
3 1707714188 0.000000 1 0.000000 0.000000 0.000000
4 1707714188 0.000000 1 0.000000 0.000000 0.000000
1 1707714189 8.000000 1 8.000000 8.000000 8.000000
2 1707714189 0.000000 1 0.000000 0.000000 0.000000
3 1707714189 0.000000 1 0.000000 0.000000 0.000000
4 1707714189 0.000000 1 0.000000 0.000000 0.000000
1 1707714190 8.000000 1 8.000000 8.000000 8.000000
2 1707714190 0.000000 1 0.000000 0.000000 0.000000
3 1707714190 0.000000 1 0.000000 0.000000 0.000000
4 1707714190 0.000000 1 0.000000 0.000000 0.000000
1 1707714191 8.000000 1 8.000000 8.000000 8.000000
2 1707714191 0.000000 1 0.000000 0.000000 0.000000
3 1707714191 0.000000 1 0.000000 0.000000 0.000000
4 1707714191 0.000000 1 0.000000 0.000000 0.000000
1 1707714192 8.000000 1 8.000000 8.000000 8.000000
2 1707714192 0.000000 1 0.000000 0.000000 0.000000
3 1707714192 0.000000 1 0.000000 0.000000 0.000000
4 1707714192 0.000000 1 0.000000 0.000000 0.000000
1 1707714193 8.000000 1 8.000000 8.000000 8.000000
2 1707714193 0.000000 1 0.000000 0.000000 0.000000
3 1707714193 0.000000 1 0.000000 0.000000 0.000000
4 1707714193 0.000000 1 0.000000 0.000000 0.000000
1 1707714194 8.000000 1 8.000000 8.000000 8.000000
2 1707714194 0.000000 1 0.000000 0.000000 0.000000
3 1707714194 0.000000 1 0.000000 0.000000 0.000000
4 1707714194 0.000000 1 0.000000 0.000000 0.000000
1 1707714195 8.000000 1 8.000000 8.000000 8.000000
2 1707714195 0.000000 1 0.000000 0.000000 0.000000
3 1707714195 0.000000 1 0.000000 0.000000 0.000000
4 1707714195 0.000000 1 0.000000 0.000000 0.000000
1 1707714196 8.000000 1 8.000000 8.000000 8.000000
2 1707714196 0.000000 1 0.000000 0.000000 0.000000
3 1707714196 0.000000 1 0.000000 0.000000 0.000000
4 1707714196 0.000000 1 0.000000 0.000000 0.000000
1 1707714197 8.000000 1 8.000000 8.000000 8.000000
2 1707714197 0.000000 1 0.000000 0.000000 0.000000
3 1707714197 0.000000 1 0.000000 0.000000 0.000000
4 1707714197 0.000000 1 0.000000 0.000000 0.000000
1 1707714198 8.000000 1 8.000000 8.000000 8.000000
2 1707714198 0.000000 1 0.000000 0.000000 0.000000
3 1707714198 0.000000 1 0.000000 0.000000 0.000000
4 1707714198 0.000000 1 0.000000 0.000000 0.000000
1 1707714199 8.000000 1 8.000000 8.000000 8.000000
2 1707714199 0.000000 1 0.000000 0.000000 0.000000
3 1707714199 0.000000 1 0.000000 0.000000 0.000000
4 1707714199 0.000000 1 0.000000 0.000000 0.000000
1 1707714200 8.000000 1 8.000000 8.000000 8.000000
2 1707714200 0.000000 1 0.000000 0.000000 0.000000
3 1707714200 0.000000 1 0.000000 0.000000 0.000000
4 1707714200 0.000000 1 0.000000 0.000000 0.000000
1 1707714202 8.000000 1 8.000000 8.000000 8.000000
2 1707714202 0.000000 1 0.000000 0.000000 0.000000
3 1707714202 0.000000 1 0.000000 0.000000 0.000000
4 1707714202 0.000000 1 0.000000 0.000000 0.000000
1 1707714203 8.000000 1 8.000000 8.000000 8.000000
2 1707714203 0.000000 1 0.000000 0.000000 0.000000
3 1707714203 0.000000 1 0.000000 0.000000 0.000000
4 1707714203 0.000000 1 0.000000 0.000000 0.000000
1 1707714204 8.000000 1 8.000000 8.000000 8.000000
2 1707714204 0.000000 1 0.000000 0.000000 0.000000
3 1707714204 0.000000 1 0.000000 0.000000 0.000000
4 1707714204 0.000000 1 0.000000 0.000000 0.000000
1 1707714205 8.000000 1 8.000000 8.000000 8.000000
2 1707714205 0.000000 1 0.000000 0.000000 0.000000
3 1707714205 0.000000 1 0.000000 0.000000 0.000000
4 1707714205 0.000000 1 0.000000 0.000000 0.000000
1 1707714206 8.000000 1 8.000000 8.000000 8.000000
2 1707714206 0.000000 1 0.000000 0.000000 0.000000
3 1707714206 0.000000 1 0.000000 0.000000 0.000000
4 1707714206 0.000000 1 0.000000 0.000000 0.000000
1 1707714207 8.000000 1 8.000000 8.000000 8.000000
2 1707714207 0.000000 1 0.000000 0.000000 0.000000
3 1707714207 0.000000 1 0.000000 0.000000 0.000000
4 1707714207 0.000000 1 0.000000 0.000000 0.000000
1 1707714208 8.000000 1 8.000000 8.000000 8.000000
2 1707714208 0.000000 1 0.000000 0.000000 0.000000
3 1707714208 0.000000 1 0.000000 0.000000 0.000000
4 1707714208 0.000000 1 0.000000 0.000000 0.000000
1 1707714209 8.000000 1 8.000000 8.000000 8.000000
2 1707714209 0.000000 1 0.000000 0.000000 0.000000
3 1707714209 0.000000 1 0.000000 0.000000 0.000000
4 1707714209 0.000000 1 0.000000 0.000000 0.000000
1 1707714210 8.000000 1 8.000000 8.000000 8.000000
2 1707714210 0.000000 1 0.000000 0.000000 0.000000
3 1707714210 0.000000 1 0.000000 0.000000 0.000000
4 1707714210 0.000000 1 0.000000 0.000000 0.000000
1 1707714211 8.000000 1 8.000000 8.000000 8.000000
2 1707714211 0.000000 1 0.000000 0.000000 0.000000
3 1707714211 0.000000 1 0.000000 0.000000 0.000000
4 1707714211 0.000000 1 0.000000 0.000000 0.000000
1 1707714212 8.000000 1 8.000000 8.000000 8.000000
2 1707714212 0.000000 1 0.000000 0.000000 0.000000
3 1707714212 0.000000 1 0.000000 0.000000 0.000000
4 1707714212 0.000000 1 0.000000 0.000000 0.000000
1 1707714213 8.000000 1 8.000000 8.000000 8.000000
2 1707714213 0.000000 1 0.000000 0.000000 0.000000
3 1707714213 0.000000 1 0.000000 0.000000 0.000000
4 1707714213 0.000000 1 0.000000 0.000000 0.000000
1 1707714214 8.000000 1 8.000000 8.000000 8.000000
2 1707714214 0.000000 1 0.000000 0.000000 0.000000
3 1707714214 0.000000 1 0.000000 0.000000 0.000000
4 1707714214 0.000000 1 0.000000 0.000000 0.000000
1 1707714215 8.000000 1 8.000000 8.000000 8.000000
2 1707714215 0.000000 1 0.000000 0.000000 0.000000
3 1707714215 0.000000 1 0.000000 0.000000 0.000000
4 1707714215 0.000000 1 0.000000 0.000000 0.000000
1 1707714216 8.000000 1 8.000000 8.000000 8.000000
2 1707714216 0.000000 1 0.000000 0.000000 0.000000
3 1707714216 0.000000 1 0.000000 0.000000 0.000000
4 1707714216 0.000000 1 0.000000 0.000000 0.000000
1 1707714217 8.000000 1 8.000000 8.000000 8.000000
2 1707714217 0.000000 1 0.000000 0.000000 0.000000
3 1707714217 0.000000 1 0.000000 0.000000 0.000000
4 1707714217 0.000000 1 0.000000 0.000000 0.000000
1 1707714218 8.000000 1 8.000000 8.000000 8.000000
2 1707714218 0.000000 1 0.000000 0.000000 0.000000
3 1707714218 0.000000 1 0.000000 0.000000 0.000000
4 1707714218 0.000000 1 0.000000 0.000000 0.000000
1 1707714219 8.000000 1 8.000000 8.000000 8.000000
2 1707714219 0.000000 1 0.000000 0.000000 0.000000
3 1707714219 0.000000 1 0.000000 0.000000 0.000000
4 1707714219 0.000000 1 0.000000 0.000000 0.000000
1 1707714220 8.000000 1 8.000000 8.000000 8.000000
2 1707714220 0.000000 1 0.000000 0.000000 0.000000
3 1707714220 0.000000 1 0.000000 0.000000 0.000000
4 1707714220 0.000000 1 0.000000 0.000000 0.000000
1 1707714221 8.000000 1 8.000000 8.000000 8.000000
2 1707714221 0.000000 1 0.000000 0.000000 0.000000
3 1707714221 0.000000 1 0.000000 0.000000 0.000000
4 1707714221 0.000000 1 0.000000 0.000000 0.000000
1 1707714222 8.000000 1 8.000000 8.000000 8.000000
2 1707714222 0.000000 1 0.000000 0.000000 0.000000
3 1707714222 0.000000 1 0.000000 0.000000 0.000000
4 1707714222 0.000000 1 0.000000 0.000000 0.000000
1 1707714223 8.000000 1 8.000000 8.000000 8.000000
2 1707714223 0.000000 1 0.000000 0.000000 0.000000
3 1707714223 0.000000 1 0.000000 0.000000 0.000000
4 1707714223 0.000000 1 0.000000 0.000000 0.000000
1 1707714224 8.000000 1 8.000000 8.000000 8.000000
2 1707714224 0.000000 1 0.000000 0.000000 0.000000
3 1707714224 0.000000 1 0.000000 0.000000 0.000000
4 1707714224 0.000000 1 0.000000 0.000000 0.000000
1 1707714225 8.000000 1 8.000000 8.000000 8.000000
2 1707714225 0.000000 1 0.000000 0.000000 0.000000
3 1707714225 0.000000 1 0.000000 0.000000 0.000000
4 1707714225 0.000000 1 0.000000 0.000000 0.000000
1 1707714226 8.000000 1 8.000000 8.000000 8.000000
2 1707714226 0.000000 1 0.000000 0.000000 0.000000
3 1707714226 0.000000 1 0.000000 0.000000 0.000000
4 1707714226 0.000000 1 0.000000 0.000000 0.000000
1 1707714227 8.000000 1 8.000000 8.000000 8.000000
2 1707714227 0.000000 1 0.000000 0.000000 0.000000
3 1707714227 0.000000 1 0.000000 0.000000 0.000000
4 1707714227 0.000000 1 0.000000 0.000000 0.000000
1 1707714228 8.000000 1 8.000000 8.000000 8.000000
2 1707714228 0.000000 1 0.000000 0.000000 0.000000
3 1707714228 0.000000 1 0.000000 0.000000 0.000000
4 1707714228 0.000000 1 0.000000 0.000000 0.000000
1 1707714229 8.000000 1 8.000000 8.000000 8.000000
2 1707714229 0.000000 1 0.000000 0.000000 0.000000
3 1707714229 0.000000 1 0.000000 0.000000 0.000000
4 1707714229 0.000000 1 0.000000 0.000000 0.000000
1 1707714230 8.000000 1 8.000000 8.000000 8.000000
2 1707714230 0.000000 1 0.000000 0.000000 0.000000
3 1707714230 0.000000 1 0.000000 0.000000 0.000000
4 1707714230 0.000000 1 0.000000 0.000000 0.000000
1 1707714231 8.000000 1 8.000000 8.000000 8.000000
2 1707714231 0.000000 1 0.000000 0.000000 0.000000
3 1707714231 0.000000 1 0.000000 0.000000 0.000000
4 1707714231 0.000000 1 0.000000 0.000000 0.000000
1 1707714232 8.000000 1 8.000000 8.000000 8.000000
2 1707714232 0.000000 1 0.000000 0.000000 0.000000
3 1707714232 0.000000 1 0.000000 0.000000 0.000000
4 1707714232 0.000000 1 0.000000 0.000000 0.000000
1 1707714233 8.000000 1 8.000000 8.000000 8.000000
2 1707714233 0.000000 1 0.000000 0.000000 0.000000
3 1707714233 0.000000 1 0.000000 0.000000 0.000000
4 1707714233 0.000000 1 0.000000 0.000000 0.000000
1 1707714234 8.000000 1 8.000000 8.000000 8.000000
2 1707714234 0.000000 1 0.000000 0.000000 0.000000
3 1707714234 0.000000 1 0.000000 0.000000 0.000000
4 1707714234 0.000000 1 0.000000 0.000000 0.000000
1 1707714235 8.000000 1 8.000000 8.000000 8.000000
2 1707714235 0.000000 1 0.000000 0.000000 0.000000
3 1707714235 0.000000 1 0.000000 0.000000 0.000000
4 1707714235 0.000000 1 0.000000 0.000000 0.000000
1 1707714236 8.000000 1 8.000000 8.000000 8.000000
2 1707714236 0.000000 1 0.000000 0.000000 0.000000
3 1707714236 0.000000 1 0.000000 0.000000 0.000000
4 1707714236 0.000000 1 0.000000 0.000000 0.000000
1 1707714237 8.000000 1 8.000000 8.000000 8.000000
2 1707714237 0.000000 1 0.000000 0.000000 0.000000
3 1707714237 0.000000 1 0.000000 0.000000 0.000000
4 1707714237 0.000000 1 0.000000 0.000000 0.000000
1 1707714238 8.000000 1 8.000000 8.000000 8.000000
2 1707714238 0.000000 1 0.000000 0.000000 0.000000
3 1707714238 0.000000 1 0.000000 0.000000 0.000000
4 1707714238 0.000000 1 0.000000 0.000000 0.000000
1 1707714239 8.000000 1 8.000000 8.000000 8.000000
2 1707714239 0.000000 1 0.000000 0.000000 0.000000
3 1707714239 0.000000 1 0.000000 0.000000 0.000000
4 1707714239 0.000000 1 0.000000 0.000000 0.000000
1 1707714240 8.000000 1 8.000000 8.000000 8.000000
2 1707714240 0.000000 1 0.000000 0.000000 0.000000
3 1707714240 0.000000 1 0.000000 0.000000 0.000000
4 1707714240 0.000000 1 0.000000 0.000000 0.000000
1 1707714241 8.000000 1 8.000000 8.000000 8.000000
2 1707714241 0.000000 1 0.000000 0.000000 0.000000
3 1707714241 0.000000 1 0.000000 0.000000 0.000000
4 1707714241 0.000000 1 0.000000 0.000000 0.000000
1 1707714242 8.000000 1 8.000000 8.000000 8.000000
2 1707714242 0.000000 1 0.000000 0.000000 0.000000
3 1707714242 0.000000 1 0.000000 0.000000 0.000000
4 1707714242 0.000000 1 0.000000 0.000000 0.000000
1 1707714243 8.000000 1 8.000000 8.000000 8.000000
2 1707714243 0.000000 1 0.000000 0.000000 0.000000
3 1707714243 0.000000 1 0.000000 0.000000 0.000000
4 1707714243 0.000000 1 0.000000 0.000000 0.000000
1 1707714244 8.000000 1 8.000000 8.000000 8.000000
2 1707714244 0.000000 1 0.000000 0.000000 0.000000
3 1707714244 0.000000 1 0.000000 0.000000 0.000000
4 1707714244 0.000000 1 0.000000 0.000000 0.000000
1 1707714245 8.000000 1 8.000000 8.000000 8.000000
2 1707714245 0.000000 1 0.000000 0.000000 0.000000
3 1707714245 0.000000 1 0.000000 0.000000 0.000000
4 1707714245 0.000000 1 0.000000 0.000000 0.000000
1 1707714246 8.000000 1 8.000000 8.000000 8.000000
2 1707714246 0.000000 1 0.000000 0.000000 0.000000
3 1707714246 0.000000 1 0.000000 0.000000 0.000000
4 1707714246 0.000000 1 0.000000 0.000000 0.000000
1 1707714247 8.000000 1 8.000000 8.000000 8.000000
2 1707714247 0.000000 1 0.000000 0.000000 0.000000
3 1707714247 0.000000 1 0.000000 0.000000 0.000000
4 1707714247 0.000000 1 0.000000 0.000000 0.000000
1 1707714248 8.000000 1 8.000000 8.000000 8.000000
2 1707714248 0.000000 1 0.000000 0.000000 0.000000
3 1707714248 0.000000 1 0.000000 0.000000 0.000000
4 1707714248 0.000000 1 0.000000 0.000000 0.000000
1 1707714249 8.000000 1 8.000000 8.000000 8.000000
2 1707714249 0.000000 1 0.000000 0.000000 0.000000
3 1707714249 0.000000 1 0.000000 0.000000 0.000000
4 1707714249 0.000000 1 0.000000 0.000000 0.000000
1 1707714250 8.000000 1 8.000000 8.000000 8.000000
2 1707714250 0.000000 1 0.000000 0.000000 0.000000
3 1707714250 0.000000 1 0.000000 0.000000 0.000000
4 1707714250 0.000000 1 0.000000 0.000000 0.000000
1 1707714251 8.000000 1 8.000000 8.000000 8.000000
2 1707714251 0.000000 1 0.000000 0.000000 0.000000
3 1707714251 0.000000 1 0.000000 0.000000 0.000000
4 1707714251 0.000000 1 0.000000 0.000000 0.000000
1 1707714252 8.000000 1 8.000000 8.000000 8.000000
2 1707714252 0.000000 1 0.000000 0.000000 0.000000
3 1707714252 0.000000 1 0.000000 0.000000 0.000000
4 1707714252 0.000000 1 0.000000 0.000000 0.000000
1 1707714253 8.000000 1 8.000000 8.000000 8.000000
2 1707714253 0.000000 1 0.000000 0.000000 0.000000
3 1707714253 0.000000 1 0.000000 0.000000 0.000000
4 1707714253 0.000000 1 0.000000 0.000000 0.000000
1 1707714254 8.000000 1 8.000000 8.000000 8.000000
2 1707714254 0.000000 1 0.000000 0.000000 0.000000
3 1707714254 0.000000 1 0.000000 0.000000 0.000000
4 1707714254 0.000000 1 0.000000 0.000000 0.000000
1 1707714255 8.000000 1 8.000000 8.000000 8.000000
2 1707714255 0.000000 1 0.000000 0.000000 0.000000
3 1707714255 0.000000 1 0.000000 0.000000 0.000000
4 1707714255 0.000000 1 0.000000 0.000000 0.000000
1 1707714256 8.000000 1 8.000000 8.000000 8.000000
2 1707714256 0.000000 1 0.000000 0.000000 0.000000
3 1707714256 0.000000 1 0.000000 0.000000 0.000000
4 1707714256 0.000000 1 0.000000 0.000000 0.000000
1 1707714257 8.000000 1 8.000000 8.000000 8.000000
2 1707714257 0.000000 1 0.000000 0.000000 0.000000
3 1707714257 0.000000 1 0.000000 0.000000 0.000000
4 1707714257 0.000000 1 0.000000 0.000000 0.000000
1 1707714258 8.000000 1 8.000000 8.000000 8.000000
2 1707714258 0.000000 1 0.000000 0.000000 0.000000
3 1707714258 0.000000 1 0.000000 0.000000 0.000000
4 1707714258 0.000000 1 0.000000 0.000000 0.000000
1 1707714259 8.000000 1 8.000000 8.000000 8.000000
2 1707714259 0.000000 1 0.000000 0.000000 0.000000
3 1707714259 0.000000 1 0.000000 0.000000 0.000000
4 1707714259 0.000000 1 0.000000 0.000000 0.000000
1 1707714260 8.000000 1 8.000000 8.000000 8.000000
2 1707714260 0.000000 1 0.000000 0.000000 0.000000
3 1707714260 0.000000 1 0.000000 0.000000 0.000000
4 1707714260 0.000000 1 0.000000 0.000000 0.000000
1 1707714261 8.000000 1 8.000000 8.000000 8.000000
2 1707714261 0.000000 1 0.000000 0.000000 0.000000
3 1707714261 0.000000 1 0.000000 0.000000 0.000000
4 1707714261 0.000000 1 0.000000 0.000000 0.000000
1 1707714263 8.000000 1 8.000000 8.000000 8.000000
2 1707714263 0.000000 1 0.000000 0.000000 0.000000
3 1707714263 0.000000 1 0.000000 0.000000 0.000000
4 1707714263 0.000000 1 0.000000 0.000000 0.000000
1 1707714264 8.000000 1 8.000000 8.000000 8.000000
2 1707714264 0.000000 1 0.000000 0.000000 0.000000
3 1707714264 0.000000 1 0.000000 0.000000 0.000000
4 1707714264 0.000000 1 0.000000 0.000000 0.000000
1 1707714265 8.000000 1 8.000000 8.000000 8.000000
2 1707714265 0.000000 1 0.000000 0.000000 0.000000
3 1707714265 0.000000 1 0.000000 0.000000 0.000000
4 1707714265 0.000000 1 0.000000 0.000000 0.000000
1 1707714266 8.000000 1 8.000000 8.000000 8.000000
2 1707714266 0.000000 1 0.000000 0.000000 0.000000
3 1707714266 0.000000 1 0.000000 0.000000 0.000000
4 1707714266 0.000000 1 0.000000 0.000000 0.000000
1 1707714267 8.000000 1 8.000000 8.000000 8.000000
2 1707714267 0.000000 1 0.000000 0.000000 0.000000
3 1707714267 0.000000 1 0.000000 0.000000 0.000000
4 1707714267 0.000000 1 0.000000 0.000000 0.000000
1 1707714268 8.000000 1 8.000000 8.000000 8.000000
2 1707714268 0.000000 1 0.000000 0.000000 0.000000
3 1707714268 0.000000 1 0.000000 0.000000 0.000000
4 1707714268 0.000000 1 0.000000 0.000000 0.000000
1 1707714269 8.000000 1 8.000000 8.000000 8.000000
2 1707714269 0.000000 1 0.000000 0.000000 0.000000
3 1707714269 0.000000 1 0.000000 0.000000 0.000000
4 1707714269 0.000000 1 0.000000 0.000000 0.000000
1 1707714270 8.000000 1 8.000000 8.000000 8.000000
2 1707714270 0.000000 1 0.000000 0.000000 0.000000
3 1707714270 0.000000 1 0.000000 0.000000 0.000000
4 1707714270 0.000000 1 0.000000 0.000000 0.000000
1 1707714271 8.000000 1 8.000000 8.000000 8.000000
2 1707714271 0.000000 1 0.000000 0.000000 0.000000
3 1707714271 0.000000 1 0.000000 0.000000 0.000000
4 1707714271 0.000000 1 0.000000 0.000000 0.000000
1 1707714272 8.000000 1 8.000000 8.000000 8.000000
2 1707714272 0.000000 1 0.000000 0.000000 0.000000
3 1707714272 0.000000 1 0.000000 0.000000 0.000000
4 1707714272 0.000000 1 0.000000 0.000000 0.000000
1 1707714273 8.000000 1 8.000000 8.000000 8.000000
2 1707714273 0.000000 1 0.000000 0.000000 0.000000
3 1707714273 0.000000 1 0.000000 0.000000 0.000000
4 1707714273 0.000000 1 0.000000 0.000000 0.000000
1 1707714274 8.000000 1 8.000000 8.000000 8.000000
2 1707714274 0.000000 1 0.000000 0.000000 0.000000
3 1707714274 0.000000 1 0.000000 0.000000 0.000000
4 1707714274 0.000000 1 0.000000 0.000000 0.000000
1 1707714275 8.000000 1 8.000000 8.000000 8.000000
2 1707714275 0.000000 1 0.000000 0.000000 0.000000
3 1707714275 0.000000 1 0.000000 0.000000 0.000000
4 1707714275 0.000000 1 0.000000 0.000000 0.000000
1 1707714276 8.000000 1 8.000000 8.000000 8.000000
2 1707714276 0.000000 1 0.000000 0.000000 0.000000
3 1707714276 0.000000 1 0.000000 0.000000 0.000000
4 1707714276 0.000000 1 0.000000 0.000000 0.000000
1 1707714277 8.000000 1 8.000000 8.000000 8.000000
2 1707714277 0.000000 1 0.000000 0.000000 0.000000
3 1707714277 0.000000 1 0.000000 0.000000 0.000000
4 1707714277 0.000000 1 0.000000 0.000000 0.000000
1 1707714278 8.000000 1 8.000000 8.000000 8.000000
2 1707714278 0.000000 1 0.000000 0.000000 0.000000
3 1707714278 0.000000 1 0.000000 0.000000 0.000000
4 1707714278 0.000000 1 0.000000 0.000000 0.000000
1 1707714279 8.000000 1 8.000000 8.000000 8.000000
2 1707714279 0.000000 1 0.000000 0.000000 0.000000
3 1707714279 0.000000 1 0.000000 0.000000 0.000000
4 1707714279 0.000000 1 0.000000 0.000000 0.000000
1 1707714280 8.000000 1 8.000000 8.000000 8.000000
2 1707714280 0.000000 1 0.000000 0.000000 0.000000
3 1707714280 0.000000 1 0.000000 0.000000 0.000000
4 1707714280 0.000000 1 0.000000 0.000000 0.000000
1 1707714281 8.000000 1 8.000000 8.000000 8.000000
2 1707714281 0.000000 1 0.000000 0.000000 0.000000
3 1707714281 0.000000 1 0.000000 0.000000 0.000000
4 1707714281 0.000000 1 0.000000 0.000000 0.000000
1 1707714282 8.000000 1 8.000000 8.000000 8.000000
2 1707714282 0.000000 1 0.000000 0.000000 0.000000
3 1707714282 0.000000 1 0.000000 0.000000 0.000000
4 1707714282 0.000000 1 0.000000 0.000000 0.000000
1 1707714283 8.000000 1 8.000000 8.000000 8.000000
2 1707714283 0.000000 1 0.000000 0.000000 0.000000
3 1707714283 0.000000 1 0.000000 0.000000 0.000000
4 1707714283 0.000000 1 0.000000 0.000000 0.000000
1 1707714284 8.000000 1 8.000000 8.000000 8.000000
2 1707714284 0.000000 1 0.000000 0.000000 0.000000
3 1707714284 0.000000 1 0.000000 0.000000 0.000000
4 1707714284 0.000000 1 0.000000 0.000000 0.000000
1 1707714285 8.000000 1 8.000000 8.000000 8.000000
2 1707714285 0.000000 1 0.000000 0.000000 0.000000
3 1707714285 0.000000 1 0.000000 0.000000 0.000000
4 1707714285 0.000000 1 0.000000 0.000000 0.000000
1 1707714286 8.000000 1 8.000000 8.000000 8.000000
2 1707714286 0.000000 1 0.000000 0.000000 0.000000
3 1707714286 0.000000 1 0.000000 0.000000 0.000000
4 1707714286 0.000000 1 0.000000 0.000000 0.000000
1 1707714287 8.000000 1 8.000000 8.000000 8.000000
2 1707714287 0.000000 1 0.000000 0.000000 0.000000
3 1707714287 0.000000 1 0.000000 0.000000 0.000000
4 1707714287 0.000000 1 0.000000 0.000000 0.000000
1 1707714288 8.000000 1 8.000000 8.000000 8.000000
2 1707714288 0.000000 1 0.000000 0.000000 0.000000
3 1707714288 0.000000 1 0.000000 0.000000 0.000000
4 1707714288 0.000000 1 0.000000 0.000000 0.000000
1 1707714289 8.000000 1 8.000000 8.000000 8.000000
2 1707714289 0.000000 1 0.000000 0.000000 0.000000
3 1707714289 0.000000 1 0.000000 0.000000 0.000000
4 1707714289 0.000000 1 0.000000 0.000000 0.000000
1 1707714290 8.000000 1 8.000000 8.000000 8.000000
2 1707714290 0.000000 1 0.000000 0.000000 0.000000
3 1707714290 0.000000 1 0.000000 0.000000 0.000000
4 1707714290 0.000000 1 0.000000 0.000000 0.000000
1 1707714291 8.000000 1 8.000000 8.000000 8.000000
2 1707714291 0.000000 1 0.000000 0.000000 0.000000
3 1707714291 0.000000 1 0.000000 0.000000 0.000000
4 1707714291 0.000000 1 0.000000 0.000000 0.000000
1 1707714292 8.000000 1 8.000000 8.000000 8.000000
2 1707714292 0.000000 1 0.000000 0.000000 0.000000
3 1707714292 0.000000 1 0.000000 0.000000 0.000000
4 1707714292 0.000000 1 0.000000 0.000000 0.000000
1 1707714293 8.000000 1 8.000000 8.000000 8.000000
2 1707714293 0.000000 1 0.000000 0.000000 0.000000
3 1707714293 0.000000 1 0.000000 0.000000 0.000000
4 1707714293 0.000000 1 0.000000 0.000000 0.000000
1 1707714294 8.000000 1 8.000000 8.000000 8.000000
2 1707714294 0.000000 1 0.000000 0.000000 0.000000
3 1707714294 0.000000 1 0.000000 0.000000 0.000000
4 1707714294 0.000000 1 0.000000 0.000000 0.000000
1 1707714295 8.000000 1 8.000000 8.000000 8.000000
2 1707714295 0.000000 1 0.000000 0.000000 0.000000
3 1707714295 0.000000 1 0.000000 0.000000 0.000000
4 1707714295 0.000000 1 0.000000 0.000000 0.000000
1 1707714296 8.000000 1 8.000000 8.000000 8.000000
2 1707714296 0.000000 1 0.000000 0.000000 0.000000
3 1707714296 0.000000 1 0.000000 0.000000 0.000000
4 1707714296 0.000000 1 0.000000 0.000000 0.000000
1 1707714297 8.000000 1 8.000000 8.000000 8.000000
2 1707714297 0.000000 1 0.000000 0.000000 0.000000
3 1707714297 0.000000 1 0.000000 0.000000 0.000000
4 1707714297 0.000000 1 0.000000 0.000000 0.000000
1 1707714298 8.000000 1 8.000000 8.000000 8.000000
2 1707714298 0.000000 1 0.000000 0.000000 0.000000
3 1707714298 0.000000 1 0.000000 0.000000 0.000000
4 1707714298 0.000000 1 0.000000 0.000000 0.000000
1 1707714299 8.000000 1 8.000000 8.000000 8.000000
2 1707714299 0.000000 1 0.000000 0.000000 0.000000
3 1707714299 0.000000 1 0.000000 0.000000 0.000000
4 1707714299 0.000000 1 0.000000 0.000000 0.000000
1 1707714300 8.000000 1 8.000000 8.000000 8.000000
2 1707714300 0.000000 1 0.000000 0.000000 0.000000
3 1707714300 0.000000 1 0.000000 0.000000 0.000000
4 1707714300 0.000000 1 0.000000 0.000000 0.000000
1 1707714301 8.000000 1 8.000000 8.000000 8.000000
2 1707714301 0.000000 1 0.000000 0.000000 0.000000
3 1707714301 0.000000 1 0.000000 0.000000 0.000000
4 1707714301 0.000000 1 0.000000 0.000000 0.000000
1 1707714302 8.000000 1 8.000000 8.000000 8.000000
2 1707714302 0.000000 1 0.000000 0.000000 0.000000
3 1707714302 0.000000 1 0.000000 0.000000 0.000000
4 1707714302 0.000000 1 0.000000 0.000000 0.000000
1 1707714303 8.000000 1 8.000000 8.000000 8.000000
2 1707714303 0.000000 1 0.000000 0.000000 0.000000
3 1707714303 0.000000 1 0.000000 0.000000 0.000000
4 1707714303 0.000000 1 0.000000 0.000000 0.000000
1 1707714304 8.000000 1 8.000000 8.000000 8.000000
2 1707714304 0.000000 1 0.000000 0.000000 0.000000
3 1707714304 0.000000 1 0.000000 0.000000 0.000000
4 1707714304 0.000000 1 0.000000 0.000000 0.000000
1 1707714305 8.000000 1 8.000000 8.000000 8.000000
2 1707714305 0.000000 1 0.000000 0.000000 0.000000
3 1707714305 0.000000 1 0.000000 0.000000 0.000000
4 1707714305 0.000000 1 0.000000 0.000000 0.000000
1 1707714306 8.000000 1 8.000000 8.000000 8.000000
2 1707714306 0.000000 1 0.000000 0.000000 0.000000
3 1707714306 0.000000 1 0.000000 0.000000 0.000000
4 1707714306 0.000000 1 0.000000 0.000000 0.000000
1 1707714307 8.000000 1 8.000000 8.000000 8.000000
2 1707714307 0.000000 1 0.000000 0.000000 0.000000
3 1707714307 0.000000 1 0.000000 0.000000 0.000000
4 1707714307 0.000000 1 0.000000 0.000000 0.000000
1 1707714308 8.000000 1 8.000000 8.000000 8.000000
2 1707714308 0.000000 1 0.000000 0.000000 0.000000
3 1707714308 0.000000 1 0.000000 0.000000 0.000000
4 1707714308 0.000000 1 0.000000 0.000000 0.000000
1 1707714309 7.000000 1 7.000000 7.000000 7.000000
2 1707714309 0.000000 1 0.000000 0.000000 0.000000
3 1707714309 1.000000 1 1.000000 1.000000 1.000000
4 1707714309 0.000000 1 0.000000 0.000000 0.000000
1 1707714310 7.000000 1 7.000000 7.000000 7.000000
2 1707714310 0.000000 1 0.000000 0.000000 0.000000
3 1707714310 1.000000 1 1.000000 1.000000 1.000000
4 1707714310 0.000000 1 0.000000 0.000000 0.000000
1 1707714311 7.000000 1 7.000000 7.000000 7.000000
2 1707714311 0.000000 1 0.000000 0.000000 0.000000
3 1707714311 1.000000 1 1.000000 1.000000 1.000000
4 1707714311 0.000000 1 0.000000 0.000000 0.000000
1 1707714312 7.000000 1 7.000000 7.000000 7.000000
2 1707714312 0.000000 1 0.000000 0.000000 0.000000
3 1707714312 1.000000 1 1.000000 1.000000 1.000000
4 1707714312 0.000000 1 0.000000 0.000000 0.000000
1 1707714313 7.000000 1 7.000000 7.000000 7.000000
2 1707714313 0.000000 1 0.000000 0.000000 0.000000
3 1707714313 1.000000 1 1.000000 1.000000 1.000000
4 1707714313 0.000000 1 0.000000 0.000000 0.000000
1 1707714314 7.000000 1 7.000000 7.000000 7.000000
2 1707714314 0.000000 1 0.000000 0.000000 0.000000
3 1707714314 1.000000 1 1.000000 1.000000 1.000000
4 1707714314 0.000000 1 0.000000 0.000000 0.000000
1 1707714315 7.000000 1 7.000000 7.000000 7.000000
2 1707714315 0.000000 1 0.000000 0.000000 0.000000
3 1707714315 1.000000 1 1.000000 1.000000 1.000000
4 1707714315 0.000000 1 0.000000 0.000000 0.000000
1 1707714316 7.000000 1 7.000000 7.000000 7.000000
2 1707714316 0.000000 1 0.000000 0.000000 0.000000
3 1707714316 1.000000 1 1.000000 1.000000 1.000000
4 1707714316 0.000000 1 0.000000 0.000000 0.000000
1 1707714317 7.000000 1 7.000000 7.000000 7.000000
2 1707714317 0.000000 1 0.000000 0.000000 0.000000
3 1707714317 1.000000 1 1.000000 1.000000 1.000000
4 1707714317 0.000000 1 0.000000 0.000000 0.000000
1 1707714318 7.000000 1 7.000000 7.000000 7.000000
2 1707714318 0.000000 1 0.000000 0.000000 0.000000
3 1707714318 1.000000 1 1.000000 1.000000 1.000000
4 1707714318 0.000000 1 0.000000 0.000000 0.000000
1 1707714319 7.000000 1 7.000000 7.000000 7.000000
2 1707714319 0.000000 1 0.000000 0.000000 0.000000
3 1707714319 1.000000 1 1.000000 1.000000 1.000000
4 1707714319 0.000000 1 0.000000 0.000000 0.000000
1 1707714320 6.000000 1 6.000000 6.000000 6.000000
2 1707714320 0.000000 1 0.000000 0.000000 0.000000
3 1707714320 2.000000 1 2.000000 2.000000 2.000000
4 1707714320 0.000000 1 0.000000 0.000000 0.000000
1 1707714322 6.000000 1 6.000000 6.000000 6.000000
2 1707714322 0.000000 1 0.000000 0.000000 0.000000
3 1707714322 2.000000 1 2.000000 2.000000 2.000000
4 1707714322 0.000000 1 0.000000 0.000000 0.000000
1 1707714323 6.000000 1 6.000000 6.000000 6.000000
2 1707714323 0.000000 1 0.000000 0.000000 0.000000
3 1707714323 2.000000 1 2.000000 2.000000 2.000000
4 1707714323 0.000000 1 0.000000 0.000000 0.000000
1 1707714324 6.000000 1 6.000000 6.000000 6.000000
2 1707714324 0.000000 1 0.000000 0.000000 0.000000
3 1707714324 2.000000 1 2.000000 2.000000 2.000000
4 1707714324 0.000000 1 0.000000 0.000000 0.000000
1 1707714325 6.000000 1 6.000000 6.000000 6.000000
2 1707714325 0.000000 1 0.000000 0.000000 0.000000
3 1707714325 2.000000 1 2.000000 2.000000 2.000000
4 1707714325 0.000000 1 0.000000 0.000000 0.000000
1 1707714326 6.000000 1 6.000000 6.000000 6.000000
2 1707714326 0.000000 1 0.000000 0.000000 0.000000
3 1707714326 2.000000 1 2.000000 2.000000 2.000000
4 1707714326 0.000000 1 0.000000 0.000000 0.000000
1 1707714327 6.000000 1 6.000000 6.000000 6.000000
2 1707714327 0.000000 1 0.000000 0.000000 0.000000
3 1707714327 2.000000 1 2.000000 2.000000 2.000000
4 1707714327 0.000000 1 0.000000 0.000000 0.000000
1 1707714328 6.000000 1 6.000000 6.000000 6.000000
2 1707714328 0.000000 1 0.000000 0.000000 0.000000
3 1707714328 2.000000 1 2.000000 2.000000 2.000000
4 1707714328 0.000000 1 0.000000 0.000000 0.000000
1 1707714329 6.000000 1 6.000000 6.000000 6.000000
2 1707714329 0.000000 1 0.000000 0.000000 0.000000
3 1707714329 2.000000 1 2.000000 2.000000 2.000000
4 1707714329 0.000000 1 0.000000 0.000000 0.000000
1 1707714330 5.000000 1 5.000000 5.000000 5.000000
2 1707714330 0.000000 1 0.000000 0.000000 0.000000
3 1707714330 3.000000 1 3.000000 3.000000 3.000000
4 1707714330 0.000000 1 0.000000 0.000000 0.000000
1 1707714331 5.000000 1 5.000000 5.000000 5.000000
2 1707714331 0.000000 1 0.000000 0.000000 0.000000
3 1707714331 3.000000 1 3.000000 3.000000 3.000000
4 1707714331 0.000000 1 0.000000 0.000000 0.000000
1 1707714332 5.000000 1 5.000000 5.000000 5.000000
2 1707714332 0.000000 1 0.000000 0.000000 0.000000
3 1707714332 3.000000 1 3.000000 3.000000 3.000000
4 1707714332 0.000000 1 0.000000 0.000000 0.000000
1 1707714333 5.000000 1 5.000000 5.000000 5.000000
2 1707714333 0.000000 1 0.000000 0.000000 0.000000
3 1707714333 3.000000 1 3.000000 3.000000 3.000000
4 1707714333 0.000000 1 0.000000 0.000000 0.000000
1 1707714334 5.000000 1 5.000000 5.000000 5.000000
2 1707714334 0.000000 1 0.000000 0.000000 0.000000
3 1707714334 3.000000 1 3.000000 3.000000 3.000000
4 1707714334 0.000000 1 0.000000 0.000000 0.000000
1 1707714335 5.000000 1 5.000000 5.000000 5.000000
2 1707714335 0.000000 1 0.000000 0.000000 0.000000
3 1707714335 3.000000 1 3.000000 3.000000 3.000000
4 1707714335 0.000000 1 0.000000 0.000000 0.000000
1 1707714336 4.000000 1 4.000000 4.000000 4.000000
2 1707714336 0.000000 1 0.000000 0.000000 0.000000
3 1707714336 4.000000 1 4.000000 4.000000 4.000000
4 1707714336 0.000000 1 0.000000 0.000000 0.000000
1 1707714337 4.000000 1 4.000000 4.000000 4.000000
2 1707714337 0.000000 1 0.000000 0.000000 0.000000
3 1707714337 4.000000 1 4.000000 4.000000 4.000000
4 1707714337 0.000000 1 0.000000 0.000000 0.000000
1 1707714338 4.000000 1 4.000000 4.000000 4.000000
2 1707714338 0.000000 1 0.000000 0.000000 0.000000
3 1707714338 4.000000 1 4.000000 4.000000 4.000000
4 1707714338 0.000000 1 0.000000 0.000000 0.000000
1 1707714339 4.000000 1 4.000000 4.000000 4.000000
2 1707714339 0.000000 1 0.000000 0.000000 0.000000
3 1707714339 4.000000 1 4.000000 4.000000 4.000000
4 1707714339 0.000000 1 0.000000 0.000000 0.000000
1 1707714340 4.000000 1 4.000000 4.000000 4.000000
2 1707714340 0.000000 1 0.000000 0.000000 0.000000
3 1707714340 4.000000 1 4.000000 4.000000 4.000000
4 1707714340 0.000000 1 0.000000 0.000000 0.000000
1 1707714341 4.000000 1 4.000000 4.000000 4.000000
2 1707714341 0.000000 1 0.000000 0.000000 0.000000
3 1707714341 4.000000 1 4.000000 4.000000 4.000000
4 1707714341 0.000000 1 0.000000 0.000000 0.000000
1 1707714342 4.000000 1 4.000000 4.000000 4.000000
2 1707714342 0.000000 1 0.000000 0.000000 0.000000
3 1707714342 4.000000 1 4.000000 4.000000 4.000000
4 1707714342 0.000000 1 0.000000 0.000000 0.000000
1 1707714343 4.000000 1 4.000000 4.000000 4.000000
2 1707714343 0.000000 1 0.000000 0.000000 0.000000
3 1707714343 4.000000 1 4.000000 4.000000 4.000000
4 1707714343 0.000000 1 0.000000 0.000000 0.000000
1 1707714344 4.000000 1 4.000000 4.000000 4.000000
2 1707714344 0.000000 1 0.000000 0.000000 0.000000
3 1707714344 4.000000 1 4.000000 4.000000 4.000000
4 1707714344 0.000000 1 0.000000 0.000000 0.000000
1 1707714345 3.000000 1 3.000000 3.000000 3.000000
2 1707714345 0.000000 1 0.000000 0.000000 0.000000
3 1707714345 5.000000 1 5.000000 5.000000 5.000000
4 1707714345 0.000000 1 0.000000 0.000000 0.000000
1 1707714346 3.000000 1 3.000000 3.000000 3.000000
2 1707714346 0.000000 1 0.000000 0.000000 0.000000
3 1707714346 5.000000 1 5.000000 5.000000 5.000000
4 1707714346 0.000000 1 0.000000 0.000000 0.000000
1 1707714347 3.000000 1 3.000000 3.000000 3.000000
2 1707714347 0.000000 1 0.000000 0.000000 0.000000
3 1707714347 5.000000 1 5.000000 5.000000 5.000000
4 1707714347 0.000000 1 0.000000 0.000000 0.000000
1 1707714348 3.000000 1 3.000000 3.000000 3.000000
2 1707714348 0.000000 1 0.000000 0.000000 0.000000
3 1707714348 5.000000 1 5.000000 5.000000 5.000000
4 1707714348 0.000000 1 0.000000 0.000000 0.000000
1 1707714349 3.000000 1 3.000000 3.000000 3.000000
2 1707714349 0.000000 1 0.000000 0.000000 0.000000
3 1707714349 5.000000 1 5.000000 5.000000 5.000000
4 1707714349 0.000000 1 0.000000 0.000000 0.000000
1 1707714350 2.000000 1 2.000000 2.000000 2.000000
2 1707714350 0.000000 1 0.000000 0.000000 0.000000
3 1707714350 6.000000 1 6.000000 6.000000 6.000000
4 1707714350 0.000000 1 0.000000 0.000000 0.000000
1 1707714351 2.000000 1 2.000000 2.000000 2.000000
2 1707714351 0.000000 1 0.000000 0.000000 0.000000
3 1707714351 6.000000 1 6.000000 6.000000 6.000000
4 1707714351 0.000000 1 0.000000 0.000000 0.000000
1 1707714352 2.000000 1 2.000000 2.000000 2.000000
2 1707714352 0.000000 1 0.000000 0.000000 0.000000
3 1707714352 6.000000 1 6.000000 6.000000 6.000000
4 1707714352 0.000000 1 0.000000 0.000000 0.000000
1 1707714353 2.000000 1 2.000000 2.000000 2.000000
2 1707714353 0.000000 1 0.000000 0.000000 0.000000
3 1707714353 6.000000 1 6.000000 6.000000 6.000000
4 1707714353 0.000000 1 0.000000 0.000000 0.000000
1 1707714354 2.000000 1 2.000000 2.000000 2.000000
2 1707714354 0.000000 1 0.000000 0.000000 0.000000
3 1707714354 6.000000 1 6.000000 6.000000 6.000000
4 1707714354 0.000000 1 0.000000 0.000000 0.000000
1 1707714355 2.000000 1 2.000000 2.000000 2.000000
2 1707714355 0.000000 1 0.000000 0.000000 0.000000
3 1707714355 6.000000 1 6.000000 6.000000 6.000000
4 1707714355 0.000000 1 0.000000 0.000000 0.000000
1 1707714356 2.000000 1 2.000000 2.000000 2.000000
2 1707714356 0.000000 1 0.000000 0.000000 0.000000
3 1707714356 6.000000 1 6.000000 6.000000 6.000000
4 1707714356 0.000000 1 0.000000 0.000000 0.000000
1 1707714357 2.000000 1 2.000000 2.000000 2.000000
2 1707714357 0.000000 1 0.000000 0.000000 0.000000
3 1707714357 6.000000 1 6.000000 6.000000 6.000000
4 1707714357 0.000000 1 0.000000 0.000000 0.000000
1 1707714358 2.000000 1 2.000000 2.000000 2.000000
2 1707714358 0.000000 1 0.000000 0.000000 0.000000
3 1707714358 6.000000 1 6.000000 6.000000 6.000000
4 1707714358 0.000000 1 0.000000 0.000000 0.000000
1 1707714359 2.000000 1 2.000000 2.000000 2.000000
2 1707714359 0.000000 1 0.000000 0.000000 0.000000
3 1707714359 6.000000 1 6.000000 6.000000 6.000000
4 1707714359 0.000000 1 0.000000 0.000000 0.000000
1 1707714360 2.000000 1 2.000000 2.000000 2.000000
2 1707714360 0.000000 1 0.000000 0.000000 0.000000
3 1707714360 6.000000 1 6.000000 6.000000 6.000000
4 1707714360 0.000000 1 0.000000 0.000000 0.000000
1 1707714361 2.000000 1 2.000000 2.000000 2.000000
2 1707714361 0.000000 1 0.000000 0.000000 0.000000
3 1707714361 6.000000 1 6.000000 6.000000 6.000000
4 1707714361 0.000000 1 0.000000 0.000000 0.000000
1 1707714362 2.000000 1 2.000000 2.000000 2.000000
2 1707714362 0.000000 1 0.000000 0.000000 0.000000
3 1707714362 6.000000 1 6.000000 6.000000 6.000000
4 1707714362 0.000000 1 0.000000 0.000000 0.000000
1 1707714363 2.000000 1 2.000000 2.000000 2.000000
2 1707714363 0.000000 1 0.000000 0.000000 0.000000
3 1707714363 6.000000 1 6.000000 6.000000 6.000000
4 1707714363 0.000000 1 0.000000 0.000000 0.000000
1 1707714364 2.000000 1 2.000000 2.000000 2.000000
2 1707714364 0.000000 1 0.000000 0.000000 0.000000
3 1707714364 6.000000 1 6.000000 6.000000 6.000000
4 1707714364 0.000000 1 0.000000 0.000000 0.000000
1 1707714365 2.000000 1 2.000000 2.000000 2.000000
2 1707714365 0.000000 1 0.000000 0.000000 0.000000
3 1707714365 6.000000 1 6.000000 6.000000 6.000000
4 1707714365 0.000000 1 0.000000 0.000000 0.000000
1 1707714366 2.000000 1 2.000000 2.000000 2.000000
2 1707714366 0.000000 1 0.000000 0.000000 0.000000
3 1707714366 6.000000 1 6.000000 6.000000 6.000000
4 1707714366 0.000000 1 0.000000 0.000000 0.000000
1 1707714367 2.000000 1 2.000000 2.000000 2.000000
2 1707714367 0.000000 1 0.000000 0.000000 0.000000
3 1707714367 6.000000 1 6.000000 6.000000 6.000000
4 1707714367 0.000000 1 0.000000 0.000000 0.000000
1 1707714368 2.000000 1 2.000000 2.000000 2.000000
2 1707714368 0.000000 1 0.000000 0.000000 0.000000
3 1707714368 6.000000 1 6.000000 6.000000 6.000000
4 1707714368 0.000000 1 0.000000 0.000000 0.000000
1 1707714369 1.000000 1 1.000000 1.000000 1.000000
2 1707714369 0.000000 1 0.000000 0.000000 0.000000
3 1707714369 7.000000 1 7.000000 7.000000 7.000000
4 1707714369 0.000000 1 0.000000 0.000000 0.000000
1 1707714370 1.000000 1 1.000000 1.000000 1.000000
2 1707714370 0.000000 1 0.000000 0.000000 0.000000
3 1707714370 7.000000 1 7.000000 7.000000 7.000000
4 1707714370 0.000000 1 0.000000 0.000000 0.000000
1 1707714371 1.000000 1 1.000000 1.000000 1.000000
2 1707714371 0.000000 1 0.000000 0.000000 0.000000
3 1707714371 7.000000 1 7.000000 7.000000 7.000000
4 1707714371 0.000000 1 0.000000 0.000000 0.000000
1 1707714372 0.000000 1 0.000000 0.000000 0.000000
2 1707714372 0.000000 1 0.000000 0.000000 0.000000
3 1707714372 8.000000 1 8.000000 8.000000 8.000000
4 1707714372 0.000000 1 0.000000 0.000000 0.000000
