4 1707729812 0.000000 1 0.000000 0.000000 0.000000
5 1707729812 0.000000 1 0.000000 0.000000 0.000000
6 1707729812 0.000000 1 0.000000 0.000000 0.000000
7 1707729812 0.000000 1 0.000000 0.000000 0.000000
4 1707729813 0.000000 1 0.000000 0.000000 0.000000
5 1707729813 0.000000 1 0.000000 0.000000 0.000000
6 1707729813 0.000000 1 0.000000 0.000000 0.000000
7 1707729813 0.000000 1 0.000000 0.000000 0.000000
4 1707729814 0.000000 1 0.000000 0.000000 0.000000
5 1707729814 0.000000 1 0.000000 0.000000 0.000000
6 1707729814 0.000000 1 0.000000 0.000000 0.000000
7 1707729814 0.000000 1 0.000000 0.000000 0.000000
4 1707729815 0.000000 1 0.000000 0.000000 0.000000
5 1707729815 0.000000 1 0.000000 0.000000 0.000000
6 1707729815 0.000000 1 0.000000 0.000000 0.000000
7 1707729815 0.000000 1 0.000000 0.000000 0.000000
4 1707729816 0.000000 1 0.000000 0.000000 0.000000
5 1707729816 0.000000 1 0.000000 0.000000 0.000000
6 1707729816 0.000000 1 0.000000 0.000000 0.000000
7 1707729816 0.000000 1 0.000000 0.000000 0.000000
4 1707729817 0.000000 1 0.000000 0.000000 0.000000
5 1707729817 0.000000 1 0.000000 0.000000 0.000000
6 1707729817 0.000000 1 0.000000 0.000000 0.000000
7 1707729817 0.000000 1 0.000000 0.000000 0.000000
4 1707729818 0.000000 1 0.000000 0.000000 0.000000
5 1707729818 0.000000 1 0.000000 0.000000 0.000000
6 1707729818 0.000000 1 0.000000 0.000000 0.000000
7 1707729818 0.000000 1 0.000000 0.000000 0.000000
4 1707729819 0.000000 1 0.000000 0.000000 0.000000
5 1707729819 0.000000 1 0.000000 0.000000 0.000000
6 1707729819 0.000000 1 0.000000 0.000000 0.000000
7 1707729819 0.000000 1 0.000000 0.000000 0.000000
4 1707729820 0.000000 1 0.000000 0.000000 0.000000
5 1707729820 0.000000 1 0.000000 0.000000 0.000000
6 1707729820 0.000000 1 0.000000 0.000000 0.000000
7 1707729820 0.000000 1 0.000000 0.000000 0.000000
4 1707729821 0.000000 1 0.000000 0.000000 0.000000
5 1707729821 0.000000 1 0.000000 0.000000 0.000000
6 1707729821 0.000000 1 0.000000 0.000000 0.000000
7 1707729821 0.000000 1 0.000000 0.000000 0.000000
4 1707729822 0.000000 1 0.000000 0.000000 0.000000
5 1707729822 0.000000 1 0.000000 0.000000 0.000000
6 1707729822 0.000000 1 0.000000 0.000000 0.000000
7 1707729822 0.000000 1 0.000000 0.000000 0.000000
4 1707729823 0.000000 1 0.000000 0.000000 0.000000
5 1707729823 0.000000 1 0.000000 0.000000 0.000000
6 1707729823 0.000000 1 0.000000 0.000000 0.000000
7 1707729823 0.000000 1 0.000000 0.000000 0.000000
4 1707729824 0.000000 1 0.000000 0.000000 0.000000
5 1707729824 0.000000 1 0.000000 0.000000 0.000000
6 1707729824 0.000000 1 0.000000 0.000000 0.000000
7 1707729824 0.000000 1 0.000000 0.000000 0.000000
4 1707729825 0.000000 1 0.000000 0.000000 0.000000
5 1707729825 0.000000 1 0.000000 0.000000 0.000000
6 1707729825 0.000000 1 0.000000 0.000000 0.000000
7 1707729825 0.000000 1 0.000000 0.000000 0.000000
4 1707729826 0.000000 1 0.000000 0.000000 0.000000
5 1707729826 0.000000 1 0.000000 0.000000 0.000000
6 1707729826 0.000000 1 0.000000 0.000000 0.000000
7 1707729826 0.000000 1 0.000000 0.000000 0.000000
4 1707729827 0.000000 1 0.000000 0.000000 0.000000
5 1707729827 0.000000 1 0.000000 0.000000 0.000000
6 1707729827 0.000000 1 0.000000 0.000000 0.000000
7 1707729827 0.000000 1 0.000000 0.000000 0.000000
4 1707729828 0.000000 1 0.000000 0.000000 0.000000
5 1707729828 0.000000 1 0.000000 0.000000 0.000000
6 1707729828 0.000000 1 0.000000 0.000000 0.000000
7 1707729828 0.000000 1 0.000000 0.000000 0.000000
4 1707729829 0.000000 1 0.000000 0.000000 0.000000
5 1707729829 0.000000 1 0.000000 0.000000 0.000000
6 1707729829 0.000000 1 0.000000 0.000000 0.000000
7 1707729829 0.000000 1 0.000000 0.000000 0.000000
4 1707729830 0.000000 1 0.000000 0.000000 0.000000
5 1707729830 0.000000 1 0.000000 0.000000 0.000000
6 1707729830 0.000000 1 0.000000 0.000000 0.000000
7 1707729830 0.000000 1 0.000000 0.000000 0.000000
4 1707729831 0.000000 1 0.000000 0.000000 0.000000
5 1707729831 0.000000 1 0.000000 0.000000 0.000000
6 1707729831 0.000000 1 0.000000 0.000000 0.000000
7 1707729831 0.000000 1 0.000000 0.000000 0.000000
4 1707729832 0.000000 1 0.000000 0.000000 0.000000
5 1707729832 0.000000 1 0.000000 0.000000 0.000000
6 1707729832 0.000000 1 0.000000 0.000000 0.000000
7 1707729832 0.000000 1 0.000000 0.000000 0.000000
4 1707729833 0.000000 1 0.000000 0.000000 0.000000
5 1707729833 0.000000 1 0.000000 0.000000 0.000000
6 1707729833 0.000000 1 0.000000 0.000000 0.000000
7 1707729833 0.000000 1 0.000000 0.000000 0.000000
4 1707729834 0.000000 1 0.000000 0.000000 0.000000
5 1707729834 0.000000 1 0.000000 0.000000 0.000000
6 1707729834 0.000000 1 0.000000 0.000000 0.000000
7 1707729834 0.000000 1 0.000000 0.000000 0.000000
4 1707729835 0.000000 1 0.000000 0.000000 0.000000
5 1707729835 0.000000 1 0.000000 0.000000 0.000000
6 1707729835 0.000000 1 0.000000 0.000000 0.000000
7 1707729835 0.000000 1 0.000000 0.000000 0.000000
4 1707729836 0.000000 1 0.000000 0.000000 0.000000
5 1707729836 0.000000 1 0.000000 0.000000 0.000000
6 1707729836 0.000000 1 0.000000 0.000000 0.000000
7 1707729836 0.000000 1 0.000000 0.000000 0.000000
4 1707729837 0.000000 1 0.000000 0.000000 0.000000
5 1707729837 0.000000 1 0.000000 0.000000 0.000000
6 1707729837 0.000000 1 0.000000 0.000000 0.000000
7 1707729837 0.000000 1 0.000000 0.000000 0.000000
4 1707729838 0.000000 1 0.000000 0.000000 0.000000
5 1707729838 0.000000 1 0.000000 0.000000 0.000000
6 1707729838 0.000000 1 0.000000 0.000000 0.000000
7 1707729838 0.000000 1 0.000000 0.000000 0.000000
4 1707729839 0.000000 1 0.000000 0.000000 0.000000
5 1707729839 0.000000 1 0.000000 0.000000 0.000000
6 1707729839 0.000000 1 0.000000 0.000000 0.000000
7 1707729839 0.000000 1 0.000000 0.000000 0.000000
4 1707729840 0.000000 1 0.000000 0.000000 0.000000
5 1707729840 0.000000 1 0.000000 0.000000 0.000000
6 1707729840 0.000000 1 0.000000 0.000000 0.000000
7 1707729840 0.000000 1 0.000000 0.000000 0.000000
4 1707729841 0.000000 1 0.000000 0.000000 0.000000
5 1707729841 0.000000 1 0.000000 0.000000 0.000000
6 1707729841 0.000000 1 0.000000 0.000000 0.000000
7 1707729841 0.000000 1 0.000000 0.000000 0.000000
4 1707729842 0.000000 1 0.000000 0.000000 0.000000
5 1707729842 0.000000 1 0.000000 0.000000 0.000000
6 1707729842 0.000000 1 0.000000 0.000000 0.000000
7 1707729842 0.000000 1 0.000000 0.000000 0.000000
4 1707729843 0.000000 1 0.000000 0.000000 0.000000
5 1707729843 0.000000 1 0.000000 0.000000 0.000000
6 1707729843 0.000000 1 0.000000 0.000000 0.000000
7 1707729843 0.000000 1 0.000000 0.000000 0.000000
4 1707729844 0.000000 1 0.000000 0.000000 0.000000
5 1707729844 0.000000 1 0.000000 0.000000 0.000000
6 1707729844 0.000000 1 0.000000 0.000000 0.000000
7 1707729844 0.000000 1 0.000000 0.000000 0.000000
4 1707729845 0.000000 1 0.000000 0.000000 0.000000
5 1707729845 0.000000 1 0.000000 0.000000 0.000000
6 1707729845 0.000000 1 0.000000 0.000000 0.000000
7 1707729845 0.000000 1 0.000000 0.000000 0.000000
4 1707729846 0.000000 1 0.000000 0.000000 0.000000
5 1707729846 0.000000 1 0.000000 0.000000 0.000000
6 1707729846 0.000000 1 0.000000 0.000000 0.000000
7 1707729846 0.000000 1 0.000000 0.000000 0.000000
4 1707729847 0.000000 1 0.000000 0.000000 0.000000
5 1707729847 0.000000 1 0.000000 0.000000 0.000000
6 1707729847 0.000000 1 0.000000 0.000000 0.000000
7 1707729847 0.000000 1 0.000000 0.000000 0.000000
4 1707729848 0.000000 1 0.000000 0.000000 0.000000
5 1707729848 0.000000 1 0.000000 0.000000 0.000000
6 1707729848 0.000000 1 0.000000 0.000000 0.000000
7 1707729848 0.000000 1 0.000000 0.000000 0.000000
4 1707729849 0.000000 1 0.000000 0.000000 0.000000
5 1707729849 0.000000 1 0.000000 0.000000 0.000000
6 1707729849 0.000000 1 0.000000 0.000000 0.000000
7 1707729849 0.000000 1 0.000000 0.000000 0.000000
4 1707729850 0.000000 1 0.000000 0.000000 0.000000
5 1707729850 0.000000 1 0.000000 0.000000 0.000000
6 1707729850 0.000000 1 0.000000 0.000000 0.000000
7 1707729850 0.000000 1 0.000000 0.000000 0.000000
4 1707729851 0.000000 1 0.000000 0.000000 0.000000
5 1707729851 0.000000 1 0.000000 0.000000 0.000000
6 1707729851 0.000000 1 0.000000 0.000000 0.000000
7 1707729851 0.000000 1 0.000000 0.000000 0.000000
4 1707729852 0.000000 1 0.000000 0.000000 0.000000
5 1707729852 0.000000 1 0.000000 0.000000 0.000000
6 1707729852 0.000000 1 0.000000 0.000000 0.000000
7 1707729852 0.000000 1 0.000000 0.000000 0.000000
4 1707729853 0.000000 1 0.000000 0.000000 0.000000
5 1707729853 0.000000 1 0.000000 0.000000 0.000000
6 1707729853 0.000000 1 0.000000 0.000000 0.000000
7 1707729853 0.000000 1 0.000000 0.000000 0.000000
4 1707729854 0.000000 1 0.000000 0.000000 0.000000
5 1707729854 0.000000 1 0.000000 0.000000 0.000000
6 1707729854 0.000000 1 0.000000 0.000000 0.000000
7 1707729854 0.000000 1 0.000000 0.000000 0.000000
4 1707729855 0.000000 1 0.000000 0.000000 0.000000
5 1707729855 0.000000 1 0.000000 0.000000 0.000000
6 1707729855 0.000000 1 0.000000 0.000000 0.000000
7 1707729855 0.000000 1 0.000000 0.000000 0.000000
4 1707729857 0.000000 1 0.000000 0.000000 0.000000
5 1707729857 0.000000 1 0.000000 0.000000 0.000000
6 1707729857 0.000000 1 0.000000 0.000000 0.000000
7 1707729857 0.000000 1 0.000000 0.000000 0.000000
4 1707729858 0.000000 1 0.000000 0.000000 0.000000
5 1707729858 0.000000 1 0.000000 0.000000 0.000000
6 1707729858 0.000000 1 0.000000 0.000000 0.000000
7 1707729858 0.000000 1 0.000000 0.000000 0.000000
4 1707729859 0.000000 1 0.000000 0.000000 0.000000
5 1707729859 0.000000 1 0.000000 0.000000 0.000000
6 1707729859 0.000000 1 0.000000 0.000000 0.000000
7 1707729859 0.000000 1 0.000000 0.000000 0.000000
4 1707729860 0.000000 1 0.000000 0.000000 0.000000
5 1707729860 0.000000 1 0.000000 0.000000 0.000000
6 1707729860 0.000000 1 0.000000 0.000000 0.000000
7 1707729860 0.000000 1 0.000000 0.000000 0.000000
4 1707729861 0.000000 1 0.000000 0.000000 0.000000
5 1707729861 0.000000 1 0.000000 0.000000 0.000000
6 1707729861 0.000000 1 0.000000 0.000000 0.000000
7 1707729861 0.000000 1 0.000000 0.000000 0.000000
4 1707729862 0.000000 1 0.000000 0.000000 0.000000
5 1707729862 0.000000 1 0.000000 0.000000 0.000000
6 1707729862 0.000000 1 0.000000 0.000000 0.000000
7 1707729862 0.000000 1 0.000000 0.000000 0.000000
4 1707729863 0.000000 1 0.000000 0.000000 0.000000
5 1707729863 0.000000 1 0.000000 0.000000 0.000000
6 1707729863 0.000000 1 0.000000 0.000000 0.000000
7 1707729863 0.000000 1 0.000000 0.000000 0.000000
4 1707729864 0.000000 1 0.000000 0.000000 0.000000
5 1707729864 0.000000 1 0.000000 0.000000 0.000000
6 1707729864 0.000000 1 0.000000 0.000000 0.000000
7 1707729864 0.000000 1 0.000000 0.000000 0.000000
4 1707729865 0.000000 1 0.000000 0.000000 0.000000
5 1707729865 0.000000 1 0.000000 0.000000 0.000000
6 1707729865 0.000000 1 0.000000 0.000000 0.000000
7 1707729865 0.000000 1 0.000000 0.000000 0.000000
4 1707729866 0.000000 1 0.000000 0.000000 0.000000
5 1707729866 0.000000 1 0.000000 0.000000 0.000000
6 1707729866 0.000000 1 0.000000 0.000000 0.000000
7 1707729866 0.000000 1 0.000000 0.000000 0.000000
4 1707729867 0.000000 1 0.000000 0.000000 0.000000
5 1707729867 0.000000 1 0.000000 0.000000 0.000000
6 1707729867 0.000000 1 0.000000 0.000000 0.000000
7 1707729867 0.000000 1 0.000000 0.000000 0.000000
4 1707729868 0.000000 1 0.000000 0.000000 0.000000
5 1707729868 0.000000 1 0.000000 0.000000 0.000000
6 1707729868 0.000000 1 0.000000 0.000000 0.000000
7 1707729868 0.000000 1 0.000000 0.000000 0.000000
4 1707729869 0.000000 1 0.000000 0.000000 0.000000
5 1707729869 0.000000 1 0.000000 0.000000 0.000000
6 1707729869 0.000000 1 0.000000 0.000000 0.000000
7 1707729869 0.000000 1 0.000000 0.000000 0.000000
4 1707729870 0.000000 1 0.000000 0.000000 0.000000
5 1707729870 0.000000 1 0.000000 0.000000 0.000000
6 1707729870 0.000000 1 0.000000 0.000000 0.000000
7 1707729870 0.000000 1 0.000000 0.000000 0.000000
4 1707729871 0.000000 1 0.000000 0.000000 0.000000
5 1707729871 0.000000 1 0.000000 0.000000 0.000000
6 1707729871 0.000000 1 0.000000 0.000000 0.000000
7 1707729871 0.000000 1 0.000000 0.000000 0.000000
4 1707729872 0.000000 1 0.000000 0.000000 0.000000
5 1707729872 0.000000 1 0.000000 0.000000 0.000000
6 1707729872 0.000000 1 0.000000 0.000000 0.000000
7 1707729872 0.000000 1 0.000000 0.000000 0.000000
4 1707729873 0.000000 1 0.000000 0.000000 0.000000
5 1707729873 0.000000 1 0.000000 0.000000 0.000000
6 1707729873 0.000000 1 0.000000 0.000000 0.000000
7 1707729873 0.000000 1 0.000000 0.000000 0.000000
4 1707729874 0.000000 1 0.000000 0.000000 0.000000
5 1707729874 0.000000 1 0.000000 0.000000 0.000000
6 1707729874 0.000000 1 0.000000 0.000000 0.000000
7 1707729874 0.000000 1 0.000000 0.000000 0.000000
4 1707729875 0.000000 1 0.000000 0.000000 0.000000
5 1707729875 0.000000 1 0.000000 0.000000 0.000000
6 1707729875 0.000000 1 0.000000 0.000000 0.000000
7 1707729875 0.000000 1 0.000000 0.000000 0.000000
4 1707729876 0.000000 1 0.000000 0.000000 0.000000
5 1707729876 0.000000 1 0.000000 0.000000 0.000000
6 1707729876 0.000000 1 0.000000 0.000000 0.000000
7 1707729876 0.000000 1 0.000000 0.000000 0.000000
4 1707729877 0.000000 1 0.000000 0.000000 0.000000
5 1707729877 0.000000 1 0.000000 0.000000 0.000000
6 1707729877 0.000000 1 0.000000 0.000000 0.000000
7 1707729877 0.000000 1 0.000000 0.000000 0.000000
4 1707729878 0.000000 1 0.000000 0.000000 0.000000
5 1707729878 0.000000 1 0.000000 0.000000 0.000000
6 1707729878 0.000000 1 0.000000 0.000000 0.000000
7 1707729878 0.000000 1 0.000000 0.000000 0.000000
4 1707729879 0.000000 1 0.000000 0.000000 0.000000
5 1707729879 0.000000 1 0.000000 0.000000 0.000000
6 1707729879 0.000000 1 0.000000 0.000000 0.000000
7 1707729879 0.000000 1 0.000000 0.000000 0.000000
4 1707729880 0.000000 1 0.000000 0.000000 0.000000
5 1707729880 0.000000 1 0.000000 0.000000 0.000000
6 1707729880 0.000000 1 0.000000 0.000000 0.000000
7 1707729880 0.000000 1 0.000000 0.000000 0.000000
4 1707729881 0.000000 1 0.000000 0.000000 0.000000
5 1707729881 0.000000 1 0.000000 0.000000 0.000000
6 1707729881 0.000000 1 0.000000 0.000000 0.000000
7 1707729881 0.000000 1 0.000000 0.000000 0.000000
4 1707729882 0.000000 1 0.000000 0.000000 0.000000
5 1707729882 0.000000 1 0.000000 0.000000 0.000000
6 1707729882 0.000000 1 0.000000 0.000000 0.000000
7 1707729882 0.000000 1 0.000000 0.000000 0.000000
4 1707729883 0.000000 1 0.000000 0.000000 0.000000
5 1707729883 0.000000 1 0.000000 0.000000 0.000000
6 1707729883 0.000000 1 0.000000 0.000000 0.000000
7 1707729883 0.000000 1 0.000000 0.000000 0.000000
4 1707729884 0.000000 1 0.000000 0.000000 0.000000
5 1707729884 0.000000 1 0.000000 0.000000 0.000000
6 1707729884 0.000000 1 0.000000 0.000000 0.000000
7 1707729884 0.000000 1 0.000000 0.000000 0.000000
4 1707729885 0.000000 1 0.000000 0.000000 0.000000
5 1707729885 0.000000 1 0.000000 0.000000 0.000000
6 1707729885 0.000000 1 0.000000 0.000000 0.000000
7 1707729885 0.000000 1 0.000000 0.000000 0.000000
4 1707729886 0.000000 1 0.000000 0.000000 0.000000
5 1707729886 0.000000 1 0.000000 0.000000 0.000000
6 1707729886 0.000000 1 0.000000 0.000000 0.000000
7 1707729886 0.000000 1 0.000000 0.000000 0.000000
4 1707729887 0.000000 1 0.000000 0.000000 0.000000
5 1707729887 0.000000 1 0.000000 0.000000 0.000000
6 1707729887 0.000000 1 0.000000 0.000000 0.000000
7 1707729887 0.000000 1 0.000000 0.000000 0.000000
4 1707729888 0.000000 1 0.000000 0.000000 0.000000
5 1707729888 0.000000 1 0.000000 0.000000 0.000000
6 1707729888 0.000000 1 0.000000 0.000000 0.000000
7 1707729888 0.000000 1 0.000000 0.000000 0.000000
4 1707729889 0.000000 1 0.000000 0.000000 0.000000
5 1707729889 0.000000 1 0.000000 0.000000 0.000000
6 1707729889 0.000000 1 0.000000 0.000000 0.000000
7 1707729889 0.000000 1 0.000000 0.000000 0.000000
4 1707729890 0.000000 1 0.000000 0.000000 0.000000
5 1707729890 0.000000 1 0.000000 0.000000 0.000000
6 1707729890 0.000000 1 0.000000 0.000000 0.000000
7 1707729890 0.000000 1 0.000000 0.000000 0.000000
4 1707729891 0.000000 1 0.000000 0.000000 0.000000
5 1707729891 0.000000 1 0.000000 0.000000 0.000000
6 1707729891 0.000000 1 0.000000 0.000000 0.000000
7 1707729891 0.000000 1 0.000000 0.000000 0.000000
4 1707729892 0.000000 1 0.000000 0.000000 0.000000
5 1707729892 0.000000 1 0.000000 0.000000 0.000000
6 1707729892 0.000000 1 0.000000 0.000000 0.000000
7 1707729892 0.000000 1 0.000000 0.000000 0.000000
4 1707729893 0.000000 1 0.000000 0.000000 0.000000
5 1707729893 0.000000 1 0.000000 0.000000 0.000000
6 1707729893 0.000000 1 0.000000 0.000000 0.000000
7 1707729893 0.000000 1 0.000000 0.000000 0.000000
4 1707729894 0.000000 1 0.000000 0.000000 0.000000
5 1707729894 0.000000 1 0.000000 0.000000 0.000000
6 1707729894 0.000000 1 0.000000 0.000000 0.000000
7 1707729894 0.000000 1 0.000000 0.000000 0.000000
4 1707729895 0.000000 1 0.000000 0.000000 0.000000
5 1707729895 0.000000 1 0.000000 0.000000 0.000000
6 1707729895 0.000000 1 0.000000 0.000000 0.000000
7 1707729895 0.000000 1 0.000000 0.000000 0.000000
4 1707729896 0.000000 1 0.000000 0.000000 0.000000
5 1707729896 0.000000 1 0.000000 0.000000 0.000000
6 1707729896 0.000000 1 0.000000 0.000000 0.000000
7 1707729896 0.000000 1 0.000000 0.000000 0.000000
4 1707729897 0.000000 1 0.000000 0.000000 0.000000
5 1707729897 0.000000 1 0.000000 0.000000 0.000000
6 1707729897 0.000000 1 0.000000 0.000000 0.000000
7 1707729897 0.000000 1 0.000000 0.000000 0.000000
4 1707729898 0.000000 1 0.000000 0.000000 0.000000
5 1707729898 0.000000 1 0.000000 0.000000 0.000000
6 1707729898 0.000000 1 0.000000 0.000000 0.000000
7 1707729898 0.000000 1 0.000000 0.000000 0.000000
4 1707729899 0.000000 1 0.000000 0.000000 0.000000
5 1707729899 0.000000 1 0.000000 0.000000 0.000000
6 1707729899 0.000000 1 0.000000 0.000000 0.000000
7 1707729899 0.000000 1 0.000000 0.000000 0.000000
4 1707729900 0.000000 1 0.000000 0.000000 0.000000
5 1707729900 0.000000 1 0.000000 0.000000 0.000000
6 1707729900 0.000000 1 0.000000 0.000000 0.000000
7 1707729900 0.000000 1 0.000000 0.000000 0.000000
4 1707729901 0.000000 1 0.000000 0.000000 0.000000
5 1707729901 0.000000 1 0.000000 0.000000 0.000000
6 1707729901 0.000000 1 0.000000 0.000000 0.000000
7 1707729901 0.000000 1 0.000000 0.000000 0.000000
4 1707729902 0.000000 1 0.000000 0.000000 0.000000
5 1707729902 0.000000 1 0.000000 0.000000 0.000000
6 1707729902 0.000000 1 0.000000 0.000000 0.000000
7 1707729902 0.000000 1 0.000000 0.000000 0.000000
4 1707729903 0.000000 1 0.000000 0.000000 0.000000
5 1707729903 0.000000 1 0.000000 0.000000 0.000000
6 1707729903 0.000000 1 0.000000 0.000000 0.000000
7 1707729903 0.000000 1 0.000000 0.000000 0.000000
4 1707729904 0.000000 1 0.000000 0.000000 0.000000
5 1707729904 0.000000 1 0.000000 0.000000 0.000000
6 1707729904 0.000000 1 0.000000 0.000000 0.000000
7 1707729904 1.000000 1 1.000000 1.000000 1.000000
4 1707729905 0.000000 1 0.000000 0.000000 0.000000
5 1707729905 0.000000 1 0.000000 0.000000 0.000000
6 1707729905 0.000000 1 0.000000 0.000000 0.000000
7 1707729905 1.000000 1 1.000000 1.000000 1.000000
4 1707729906 0.000000 1 0.000000 0.000000 0.000000
5 1707729906 0.000000 1 0.000000 0.000000 0.000000
6 1707729906 0.000000 1 0.000000 0.000000 0.000000
7 1707729906 1.000000 1 1.000000 1.000000 1.000000
4 1707729907 0.000000 1 0.000000 0.000000 0.000000
5 1707729907 0.000000 1 0.000000 0.000000 0.000000
6 1707729907 0.000000 1 0.000000 0.000000 0.000000
7 1707729907 1.000000 1 1.000000 1.000000 1.000000
4 1707729908 0.000000 1 0.000000 0.000000 0.000000
5 1707729908 0.000000 1 0.000000 0.000000 0.000000
6 1707729908 0.000000 1 0.000000 0.000000 0.000000
7 1707729908 1.000000 1 1.000000 1.000000 1.000000
4 1707729909 0.000000 1 0.000000 0.000000 0.000000
5 1707729909 0.000000 1 0.000000 0.000000 0.000000
6 1707729909 0.000000 1 0.000000 0.000000 0.000000
7 1707729909 1.000000 1 1.000000 1.000000 1.000000
4 1707729910 0.000000 1 0.000000 0.000000 0.000000
5 1707729910 0.000000 1 0.000000 0.000000 0.000000
6 1707729910 0.000000 1 0.000000 0.000000 0.000000
7 1707729910 1.000000 1 1.000000 1.000000 1.000000
4 1707729911 0.000000 1 0.000000 0.000000 0.000000
5 1707729911 0.000000 1 0.000000 0.000000 0.000000
6 1707729911 0.000000 1 0.000000 0.000000 0.000000
7 1707729911 1.000000 1 1.000000 1.000000 1.000000
4 1707729912 0.000000 1 0.000000 0.000000 0.000000
5 1707729912 0.000000 1 0.000000 0.000000 0.000000
6 1707729912 0.000000 1 0.000000 0.000000 0.000000
7 1707729912 1.000000 1 1.000000 1.000000 1.000000
4 1707729913 0.000000 1 0.000000 0.000000 0.000000
5 1707729913 0.000000 1 0.000000 0.000000 0.000000
6 1707729913 0.000000 1 0.000000 0.000000 0.000000
7 1707729913 1.000000 1 1.000000 1.000000 1.000000
4 1707729914 0.000000 1 0.000000 0.000000 0.000000
5 1707729914 0.000000 1 0.000000 0.000000 0.000000
6 1707729914 0.000000 1 0.000000 0.000000 0.000000
7 1707729914 1.000000 1 1.000000 1.000000 1.000000
4 1707729915 0.000000 1 0.000000 0.000000 0.000000
5 1707729915 0.000000 1 0.000000 0.000000 0.000000
6 1707729915 0.000000 1 0.000000 0.000000 0.000000
7 1707729915 1.000000 1 1.000000 1.000000 1.000000
4 1707729916 0.000000 1 0.000000 0.000000 0.000000
5 1707729916 0.000000 1 0.000000 0.000000 0.000000
6 1707729916 0.000000 1 0.000000 0.000000 0.000000
7 1707729916 1.000000 1 1.000000 1.000000 1.000000
4 1707729917 0.000000 1 0.000000 0.000000 0.000000
5 1707729917 0.000000 1 0.000000 0.000000 0.000000
6 1707729917 0.000000 1 0.000000 0.000000 0.000000
7 1707729917 1.000000 1 1.000000 1.000000 1.000000
4 1707729918 0.000000 1 0.000000 0.000000 0.000000
5 1707729918 0.000000 1 0.000000 0.000000 0.000000
6 1707729918 0.000000 1 0.000000 0.000000 0.000000
7 1707729918 2.000000 1 2.000000 2.000000 2.000000
4 1707729919 0.000000 1 0.000000 0.000000 0.000000
5 1707729919 0.000000 1 0.000000 0.000000 0.000000
6 1707729919 0.000000 1 0.000000 0.000000 0.000000
7 1707729919 2.000000 1 2.000000 2.000000 2.000000
4 1707729920 0.000000 1 0.000000 0.000000 0.000000
5 1707729920 0.000000 1 0.000000 0.000000 0.000000
6 1707729920 0.000000 1 0.000000 0.000000 0.000000
7 1707729920 2.000000 1 2.000000 2.000000 2.000000
4 1707729921 0.000000 1 0.000000 0.000000 0.000000
5 1707729921 0.000000 1 0.000000 0.000000 0.000000
6 1707729921 0.000000 1 0.000000 0.000000 0.000000
7 1707729921 2.000000 1 2.000000 2.000000 2.000000
4 1707729923 0.000000 1 0.000000 0.000000 0.000000
5 1707729923 0.000000 1 0.000000 0.000000 0.000000
6 1707729923 0.000000 1 0.000000 0.000000 0.000000
7 1707729923 2.000000 1 2.000000 2.000000 2.000000
4 1707729924 0.000000 1 0.000000 0.000000 0.000000
5 1707729924 0.000000 1 0.000000 0.000000 0.000000
6 1707729924 0.000000 1 0.000000 0.000000 0.000000
7 1707729924 2.000000 1 2.000000 2.000000 2.000000
4 1707729925 0.000000 1 0.000000 0.000000 0.000000
5 1707729925 0.000000 1 0.000000 0.000000 0.000000
6 1707729925 0.000000 1 0.000000 0.000000 0.000000
7 1707729925 2.000000 1 2.000000 2.000000 2.000000
4 1707729926 0.000000 1 0.000000 0.000000 0.000000
5 1707729926 0.000000 1 0.000000 0.000000 0.000000
6 1707729926 0.000000 1 0.000000 0.000000 0.000000
7 1707729926 2.000000 1 2.000000 2.000000 2.000000
4 1707729927 0.000000 1 0.000000 0.000000 0.000000
5 1707729927 0.000000 1 0.000000 0.000000 0.000000
6 1707729927 0.000000 1 0.000000 0.000000 0.000000
7 1707729927 2.000000 1 2.000000 2.000000 2.000000
4 1707729928 0.000000 1 0.000000 0.000000 0.000000
5 1707729928 0.000000 1 0.000000 0.000000 0.000000
6 1707729928 0.000000 1 0.000000 0.000000 0.000000
7 1707729928 2.000000 1 2.000000 2.000000 2.000000
4 1707729929 0.000000 1 0.000000 0.000000 0.000000
5 1707729929 0.000000 1 0.000000 0.000000 0.000000
6 1707729929 0.000000 1 0.000000 0.000000 0.000000
7 1707729929 2.000000 1 2.000000 2.000000 2.000000
4 1707729930 0.000000 1 0.000000 0.000000 0.000000
5 1707729930 0.000000 1 0.000000 0.000000 0.000000
6 1707729930 0.000000 1 0.000000 0.000000 0.000000
7 1707729930 2.000000 1 2.000000 2.000000 2.000000
4 1707729931 0.000000 1 0.000000 0.000000 0.000000
5 1707729931 0.000000 1 0.000000 0.000000 0.000000
6 1707729931 0.000000 1 0.000000 0.000000 0.000000
7 1707729931 2.000000 1 2.000000 2.000000 2.000000
4 1707729932 0.000000 1 0.000000 0.000000 0.000000
5 1707729932 0.000000 1 0.000000 0.000000 0.000000
6 1707729932 0.000000 1 0.000000 0.000000 0.000000
7 1707729932 2.000000 1 2.000000 2.000000 2.000000
4 1707729933 0.000000 1 0.000000 0.000000 0.000000
5 1707729933 0.000000 1 0.000000 0.000000 0.000000
6 1707729933 0.000000 1 0.000000 0.000000 0.000000
7 1707729933 2.000000 1 2.000000 2.000000 2.000000
4 1707729934 0.000000 1 0.000000 0.000000 0.000000
5 1707729934 0.000000 1 0.000000 0.000000 0.000000
6 1707729934 0.000000 1 0.000000 0.000000 0.000000
7 1707729934 2.000000 1 2.000000 2.000000 2.000000
4 1707729935 0.000000 1 0.000000 0.000000 0.000000
5 1707729935 0.000000 1 0.000000 0.000000 0.000000
6 1707729935 0.000000 1 0.000000 0.000000 0.000000
7 1707729935 2.000000 1 2.000000 2.000000 2.000000
4 1707729936 0.000000 1 0.000000 0.000000 0.000000
5 1707729936 0.000000 1 0.000000 0.000000 0.000000
6 1707729936 0.000000 1 0.000000 0.000000 0.000000
7 1707729936 2.000000 1 2.000000 2.000000 2.000000
4 1707729937 0.000000 1 0.000000 0.000000 0.000000
5 1707729937 0.000000 1 0.000000 0.000000 0.000000
6 1707729937 0.000000 1 0.000000 0.000000 0.000000
7 1707729937 2.000000 1 2.000000 2.000000 2.000000
4 1707729938 0.000000 1 0.000000 0.000000 0.000000
5 1707729938 0.000000 1 0.000000 0.000000 0.000000
6 1707729938 0.000000 1 0.000000 0.000000 0.000000
7 1707729938 2.000000 1 2.000000 2.000000 2.000000
4 1707729939 0.000000 1 0.000000 0.000000 0.000000
5 1707729939 0.000000 1 0.000000 0.000000 0.000000
6 1707729939 0.000000 1 0.000000 0.000000 0.000000
7 1707729939 2.000000 1 2.000000 2.000000 2.000000
4 1707729940 0.000000 1 0.000000 0.000000 0.000000
5 1707729940 0.000000 1 0.000000 0.000000 0.000000
6 1707729940 0.000000 1 0.000000 0.000000 0.000000
7 1707729940 3.000000 1 3.000000 3.000000 3.000000
4 1707729941 0.000000 1 0.000000 0.000000 0.000000
5 1707729941 0.000000 1 0.000000 0.000000 0.000000
6 1707729941 0.000000 1 0.000000 0.000000 0.000000
7 1707729941 3.000000 1 3.000000 3.000000 3.000000
4 1707729942 0.000000 1 0.000000 0.000000 0.000000
5 1707729942 0.000000 1 0.000000 0.000000 0.000000
6 1707729942 0.000000 1 0.000000 0.000000 0.000000
7 1707729942 3.000000 1 3.000000 3.000000 3.000000
4 1707729943 0.000000 1 0.000000 0.000000 0.000000
5 1707729943 0.000000 1 0.000000 0.000000 0.000000
6 1707729943 0.000000 1 0.000000 0.000000 0.000000
7 1707729943 3.000000 1 3.000000 3.000000 3.000000
4 1707729944 0.000000 1 0.000000 0.000000 0.000000
5 1707729944 0.000000 1 0.000000 0.000000 0.000000
6 1707729944 0.000000 1 0.000000 0.000000 0.000000
7 1707729944 3.000000 1 3.000000 3.000000 3.000000
4 1707729945 0.000000 1 0.000000 0.000000 0.000000
5 1707729945 0.000000 1 0.000000 0.000000 0.000000
6 1707729945 0.000000 1 0.000000 0.000000 0.000000
7 1707729945 3.000000 1 3.000000 3.000000 3.000000
4 1707729946 0.000000 1 0.000000 0.000000 0.000000
5 1707729946 0.000000 1 0.000000 0.000000 0.000000
6 1707729946 0.000000 1 0.000000 0.000000 0.000000
7 1707729946 3.000000 1 3.000000 3.000000 3.000000
4 1707729947 0.000000 1 0.000000 0.000000 0.000000
5 1707729947 0.000000 1 0.000000 0.000000 0.000000
6 1707729947 0.000000 1 0.000000 0.000000 0.000000
7 1707729947 3.000000 1 3.000000 3.000000 3.000000
4 1707729948 0.000000 1 0.000000 0.000000 0.000000
5 1707729948 0.000000 1 0.000000 0.000000 0.000000
6 1707729948 0.000000 1 0.000000 0.000000 0.000000
7 1707729948 3.000000 1 3.000000 3.000000 3.000000
4 1707729949 0.000000 1 0.000000 0.000000 0.000000
5 1707729949 0.000000 1 0.000000 0.000000 0.000000
6 1707729949 0.000000 1 0.000000 0.000000 0.000000
7 1707729949 4.000000 1 4.000000 4.000000 4.000000
4 1707729950 0.000000 1 0.000000 0.000000 0.000000
5 1707729950 0.000000 1 0.000000 0.000000 0.000000
6 1707729950 0.000000 1 0.000000 0.000000 0.000000
7 1707729950 4.000000 1 4.000000 4.000000 4.000000
4 1707729951 0.000000 1 0.000000 0.000000 0.000000
5 1707729951 0.000000 1 0.000000 0.000000 0.000000
6 1707729951 0.000000 1 0.000000 0.000000 0.000000
7 1707729951 4.000000 1 4.000000 4.000000 4.000000
4 1707729952 0.000000 1 0.000000 0.000000 0.000000
5 1707729952 0.000000 1 0.000000 0.000000 0.000000
6 1707729952 0.000000 1 0.000000 0.000000 0.000000
7 1707729952 4.000000 1 4.000000 4.000000 4.000000
4 1707729953 0.000000 1 0.000000 0.000000 0.000000
5 1707729953 0.000000 1 0.000000 0.000000 0.000000
6 1707729953 0.000000 1 0.000000 0.000000 0.000000
7 1707729953 4.000000 1 4.000000 4.000000 4.000000
4 1707729954 0.000000 1 0.000000 0.000000 0.000000
5 1707729954 0.000000 1 0.000000 0.000000 0.000000
6 1707729954 0.000000 1 0.000000 0.000000 0.000000
7 1707729954 4.000000 1 4.000000 4.000000 4.000000
4 1707729955 0.000000 1 0.000000 0.000000 0.000000
5 1707729955 0.000000 1 0.000000 0.000000 0.000000
6 1707729955 0.000000 1 0.000000 0.000000 0.000000
7 1707729955 4.000000 1 4.000000 4.000000 4.000000
4 1707729956 0.000000 1 0.000000 0.000000 0.000000
5 1707729956 0.000000 1 0.000000 0.000000 0.000000
6 1707729956 0.000000 1 0.000000 0.000000 0.000000
7 1707729956 4.000000 1 4.000000 4.000000 4.000000
4 1707729957 0.000000 1 0.000000 0.000000 0.000000
5 1707729957 0.000000 1 0.000000 0.000000 0.000000
6 1707729957 0.000000 1 0.000000 0.000000 0.000000
7 1707729957 4.000000 1 4.000000 4.000000 4.000000
4 1707729958 0.000000 1 0.000000 0.000000 0.000000
5 1707729958 0.000000 1 0.000000 0.000000 0.000000
6 1707729958 0.000000 1 0.000000 0.000000 0.000000
7 1707729958 4.000000 1 4.000000 4.000000 4.000000
4 1707729959 0.000000 1 0.000000 0.000000 0.000000
5 1707729959 0.000000 1 0.000000 0.000000 0.000000
6 1707729959 0.000000 1 0.000000 0.000000 0.000000
7 1707729959 4.000000 1 4.000000 4.000000 4.000000
4 1707729960 0.000000 1 0.000000 0.000000 0.000000
5 1707729960 0.000000 1 0.000000 0.000000 0.000000
6 1707729960 0.000000 1 0.000000 0.000000 0.000000
7 1707729960 4.000000 1 4.000000 4.000000 4.000000
4 1707729961 0.000000 1 0.000000 0.000000 0.000000
5 1707729961 0.000000 1 0.000000 0.000000 0.000000
6 1707729961 0.000000 1 0.000000 0.000000 0.000000
7 1707729961 4.000000 1 4.000000 4.000000 4.000000
4 1707729962 0.000000 1 0.000000 0.000000 0.000000
5 1707729962 0.000000 1 0.000000 0.000000 0.000000
6 1707729962 0.000000 1 0.000000 0.000000 0.000000
7 1707729962 4.000000 1 4.000000 4.000000 4.000000
4 1707729963 0.000000 1 0.000000 0.000000 0.000000
5 1707729963 0.000000 1 0.000000 0.000000 0.000000
6 1707729963 0.000000 1 0.000000 0.000000 0.000000
7 1707729963 4.000000 1 4.000000 4.000000 4.000000
4 1707729964 0.000000 1 0.000000 0.000000 0.000000
5 1707729964 0.000000 1 0.000000 0.000000 0.000000
6 1707729964 0.000000 1 0.000000 0.000000 0.000000
7 1707729964 5.000000 1 5.000000 5.000000 5.000000
4 1707729965 0.000000 1 0.000000 0.000000 0.000000
5 1707729965 0.000000 1 0.000000 0.000000 0.000000
6 1707729965 0.000000 1 0.000000 0.000000 0.000000
7 1707729965 5.000000 1 5.000000 5.000000 5.000000
4 1707729966 0.000000 1 0.000000 0.000000 0.000000
5 1707729966 0.000000 1 0.000000 0.000000 0.000000
6 1707729966 0.000000 1 0.000000 0.000000 0.000000
7 1707729966 5.000000 1 5.000000 5.000000 5.000000
4 1707729967 0.000000 1 0.000000 0.000000 0.000000
5 1707729967 0.000000 1 0.000000 0.000000 0.000000
6 1707729967 0.000000 1 0.000000 0.000000 0.000000
7 1707729967 5.000000 1 5.000000 5.000000 5.000000
4 1707729968 0.000000 1 0.000000 0.000000 0.000000
5 1707729968 0.000000 1 0.000000 0.000000 0.000000
6 1707729968 0.000000 1 0.000000 0.000000 0.000000
7 1707729968 5.000000 1 5.000000 5.000000 5.000000
4 1707729969 0.000000 1 0.000000 0.000000 0.000000
5 1707729969 0.000000 1 0.000000 0.000000 0.000000
6 1707729969 0.000000 1 0.000000 0.000000 0.000000
7 1707729969 5.000000 1 5.000000 5.000000 5.000000
4 1707729970 0.000000 1 0.000000 0.000000 0.000000
5 1707729970 0.000000 1 0.000000 0.000000 0.000000
6 1707729970 0.000000 1 0.000000 0.000000 0.000000
7 1707729970 5.000000 1 5.000000 5.000000 5.000000
4 1707729971 0.000000 1 0.000000 0.000000 0.000000
5 1707729971 0.000000 1 0.000000 0.000000 0.000000
6 1707729971 0.000000 1 0.000000 0.000000 0.000000
7 1707729971 5.000000 1 5.000000 5.000000 5.000000
4 1707729972 0.000000 1 0.000000 0.000000 0.000000
5 1707729972 0.000000 1 0.000000 0.000000 0.000000
6 1707729972 0.000000 1 0.000000 0.000000 0.000000
7 1707729972 5.000000 1 5.000000 5.000000 5.000000
4 1707729973 0.000000 1 0.000000 0.000000 0.000000
5 1707729973 0.000000 1 0.000000 0.000000 0.000000
6 1707729973 0.000000 1 0.000000 0.000000 0.000000
7 1707729973 5.000000 1 5.000000 5.000000 5.000000
4 1707729974 0.000000 1 0.000000 0.000000 0.000000
5 1707729974 0.000000 1 0.000000 0.000000 0.000000
6 1707729974 0.000000 1 0.000000 0.000000 0.000000
7 1707729974 5.000000 1 5.000000 5.000000 5.000000
4 1707729975 0.000000 1 0.000000 0.000000 0.000000
5 1707729975 0.000000 1 0.000000 0.000000 0.000000
6 1707729975 0.000000 1 0.000000 0.000000 0.000000
7 1707729975 5.000000 1 5.000000 5.000000 5.000000
4 1707729976 0.000000 1 0.000000 0.000000 0.000000
5 1707729976 0.000000 1 0.000000 0.000000 0.000000
6 1707729976 0.000000 1 0.000000 0.000000 0.000000
7 1707729976 5.000000 1 5.000000 5.000000 5.000000
4 1707729977 0.000000 1 0.000000 0.000000 0.000000
5 1707729977 0.000000 1 0.000000 0.000000 0.000000
6 1707729977 0.000000 1 0.000000 0.000000 0.000000
7 1707729977 5.000000 1 5.000000 5.000000 5.000000
4 1707729978 0.000000 1 0.000000 0.000000 0.000000
5 1707729978 0.000000 1 0.000000 0.000000 0.000000
6 1707729978 0.000000 1 0.000000 0.000000 0.000000
7 1707729978 6.000000 1 6.000000 6.000000 6.000000
4 1707729979 0.000000 1 0.000000 0.000000 0.000000
5 1707729979 0.000000 1 0.000000 0.000000 0.000000
6 1707729979 0.000000 1 0.000000 0.000000 0.000000
7 1707729979 6.000000 1 6.000000 6.000000 6.000000
4 1707729980 0.000000 1 0.000000 0.000000 0.000000
5 1707729980 0.000000 1 0.000000 0.000000 0.000000
6 1707729980 0.000000 1 0.000000 0.000000 0.000000
7 1707729980 6.000000 1 6.000000 6.000000 6.000000
4 1707729981 0.000000 1 0.000000 0.000000 0.000000
5 1707729981 0.000000 1 0.000000 0.000000 0.000000
6 1707729981 0.000000 1 0.000000 0.000000 0.000000
7 1707729981 6.000000 1 6.000000 6.000000 6.000000
4 1707729982 0.000000 1 0.000000 0.000000 0.000000
5 1707729982 0.000000 1 0.000000 0.000000 0.000000
6 1707729982 0.000000 1 0.000000 0.000000 0.000000
7 1707729982 6.000000 1 6.000000 6.000000 6.000000
4 1707729983 0.000000 1 0.000000 0.000000 0.000000
5 1707729983 0.000000 1 0.000000 0.000000 0.000000
6 1707729983 0.000000 1 0.000000 0.000000 0.000000
7 1707729983 6.000000 1 6.000000 6.000000 6.000000
4 1707729984 0.000000 1 0.000000 0.000000 0.000000
5 1707729984 0.000000 1 0.000000 0.000000 0.000000
6 1707729984 0.000000 1 0.000000 0.000000 0.000000
7 1707729984 6.000000 1 6.000000 6.000000 6.000000
4 1707729985 0.000000 1 0.000000 0.000000 0.000000
5 1707729985 0.000000 1 0.000000 0.000000 0.000000
6 1707729985 0.000000 1 0.000000 0.000000 0.000000
7 1707729985 6.000000 1 6.000000 6.000000 6.000000
4 1707729986 0.000000 1 0.000000 0.000000 0.000000
5 1707729986 0.000000 1 0.000000 0.000000 0.000000
6 1707729986 0.000000 1 0.000000 0.000000 0.000000
7 1707729986 6.000000 1 6.000000 6.000000 6.000000
4 1707729988 0.000000 1 0.000000 0.000000 0.000000
5 1707729988 0.000000 1 0.000000 0.000000 0.000000
6 1707729988 0.000000 1 0.000000 0.000000 0.000000
7 1707729988 6.000000 1 6.000000 6.000000 6.000000
4 1707729989 0.000000 1 0.000000 0.000000 0.000000
5 1707729989 0.000000 1 0.000000 0.000000 0.000000
6 1707729989 0.000000 1 0.000000 0.000000 0.000000
7 1707729989 6.000000 1 6.000000 6.000000 6.000000
4 1707729990 0.000000 1 0.000000 0.000000 0.000000
5 1707729990 0.000000 1 0.000000 0.000000 0.000000
6 1707729990 0.000000 1 0.000000 0.000000 0.000000
7 1707729990 6.000000 1 6.000000 6.000000 6.000000
4 1707729991 0.000000 1 0.000000 0.000000 0.000000
5 1707729991 0.000000 1 0.000000 0.000000 0.000000
6 1707729991 0.000000 1 0.000000 0.000000 0.000000
7 1707729991 6.000000 1 6.000000 6.000000 6.000000
4 1707729992 0.000000 1 0.000000 0.000000 0.000000
5 1707729992 0.000000 1 0.000000 0.000000 0.000000
6 1707729992 0.000000 1 0.000000 0.000000 0.000000
7 1707729992 6.000000 1 6.000000 6.000000 6.000000
4 1707729993 0.000000 1 0.000000 0.000000 0.000000
5 1707729993 0.000000 1 0.000000 0.000000 0.000000
6 1707729993 0.000000 1 0.000000 0.000000 0.000000
7 1707729993 6.000000 1 6.000000 6.000000 6.000000
4 1707729994 0.000000 1 0.000000 0.000000 0.000000
5 1707729994 0.000000 1 0.000000 0.000000 0.000000
6 1707729994 0.000000 1 0.000000 0.000000 0.000000
7 1707729994 7.000000 1 7.000000 7.000000 7.000000
4 1707729995 0.000000 1 0.000000 0.000000 0.000000
5 1707729995 0.000000 1 0.000000 0.000000 0.000000
6 1707729995 0.000000 1 0.000000 0.000000 0.000000
7 1707729995 7.000000 1 7.000000 7.000000 7.000000
4 1707729996 0.000000 1 0.000000 0.000000 0.000000
5 1707729996 0.000000 1 0.000000 0.000000 0.000000
6 1707729996 0.000000 1 0.000000 0.000000 0.000000
7 1707729996 7.000000 1 7.000000 7.000000 7.000000
4 1707729997 0.000000 1 0.000000 0.000000 0.000000
5 1707729997 0.000000 1 0.000000 0.000000 0.000000
6 1707729997 0.000000 1 0.000000 0.000000 0.000000
7 1707729997 7.000000 1 7.000000 7.000000 7.000000
4 1707729998 0.000000 1 0.000000 0.000000 0.000000
5 1707729998 0.000000 1 0.000000 0.000000 0.000000
6 1707729998 0.000000 1 0.000000 0.000000 0.000000
7 1707729998 7.000000 1 7.000000 7.000000 7.000000
4 1707729999 0.000000 1 0.000000 0.000000 0.000000
5 1707729999 0.000000 1 0.000000 0.000000 0.000000
6 1707729999 0.000000 1 0.000000 0.000000 0.000000
7 1707729999 7.000000 1 7.000000 7.000000 7.000000
4 1707730000 0.000000 1 0.000000 0.000000 0.000000
5 1707730000 0.000000 1 0.000000 0.000000 0.000000
6 1707730000 0.000000 1 0.000000 0.000000 0.000000
7 1707730000 7.000000 1 7.000000 7.000000 7.000000
4 1707730001 0.000000 1 0.000000 0.000000 0.000000
5 1707730001 0.000000 1 0.000000 0.000000 0.000000
6 1707730001 0.000000 1 0.000000 0.000000 0.000000
7 1707730001 7.000000 1 7.000000 7.000000 7.000000
4 1707730002 0.000000 1 0.000000 0.000000 0.000000
5 1707730002 0.000000 1 0.000000 0.000000 0.000000
6 1707730002 0.000000 1 0.000000 0.000000 0.000000
7 1707730002 7.000000 1 7.000000 7.000000 7.000000
4 1707730003 0.000000 1 0.000000 0.000000 0.000000
5 1707730003 0.000000 1 0.000000 0.000000 0.000000
6 1707730003 0.000000 1 0.000000 0.000000 0.000000
7 1707730003 7.000000 1 7.000000 7.000000 7.000000
4 1707730004 0.000000 1 0.000000 0.000000 0.000000
5 1707730004 0.000000 1 0.000000 0.000000 0.000000
6 1707730004 0.000000 1 0.000000 0.000000 0.000000
7 1707730004 7.000000 1 7.000000 7.000000 7.000000
4 1707730005 0.000000 1 0.000000 0.000000 0.000000
5 1707730005 0.000000 1 0.000000 0.000000 0.000000
6 1707730005 0.000000 1 0.000000 0.000000 0.000000
7 1707730005 7.000000 1 7.000000 7.000000 7.000000
4 1707730006 0.000000 1 0.000000 0.000000 0.000000
5 1707730006 0.000000 1 0.000000 0.000000 0.000000
6 1707730006 0.000000 1 0.000000 0.000000 0.000000
7 1707730006 7.000000 1 7.000000 7.000000 7.000000
4 1707730007 0.000000 1 0.000000 0.000000 0.000000
5 1707730007 0.000000 1 0.000000 0.000000 0.000000
6 1707730007 0.000000 1 0.000000 0.000000 0.000000
7 1707730007 7.000000 1 7.000000 7.000000 7.000000
4 1707730008 0.000000 1 0.000000 0.000000 0.000000
5 1707730008 0.000000 1 0.000000 0.000000 0.000000
6 1707730008 0.000000 1 0.000000 0.000000 0.000000
7 1707730008 7.000000 1 7.000000 7.000000 7.000000
4 1707730009 0.000000 1 0.000000 0.000000 0.000000
5 1707730009 0.000000 1 0.000000 0.000000 0.000000
6 1707730009 0.000000 1 0.000000 0.000000 0.000000
7 1707730009 8.000000 1 8.000000 8.000000 8.000000
4 1707730010 0.000000 1 0.000000 0.000000 0.000000
5 1707730010 0.000000 1 0.000000 0.000000 0.000000
6 1707730010 0.000000 1 0.000000 0.000000 0.000000
7 1707730010 8.000000 1 8.000000 8.000000 8.000000
4 1707730011 0.000000 1 0.000000 0.000000 0.000000
5 1707730011 0.000000 1 0.000000 0.000000 0.000000
6 1707730011 0.000000 1 0.000000 0.000000 0.000000
7 1707730011 8.000000 1 8.000000 8.000000 8.000000
4 1707730012 0.000000 1 0.000000 0.000000 0.000000
5 1707730012 0.000000 1 0.000000 0.000000 0.000000
6 1707730012 0.000000 1 0.000000 0.000000 0.000000
7 1707730012 8.000000 1 8.000000 8.000000 8.000000
4 1707730013 0.000000 1 0.000000 0.000000 0.000000
5 1707730013 0.000000 1 0.000000 0.000000 0.000000
6 1707730013 3.000000 1 3.000000 3.000000 3.000000
7 1707730013 8.000000 1 8.000000 8.000000 8.000000
