4 1707727653 0.000000 1 0.000000 0.000000 0.000000
5 1707727653 0.000000 1 0.000000 0.000000 0.000000
6 1707727653 0.000000 1 0.000000 0.000000 0.000000
7 1707727653 0.000000 1 0.000000 0.000000 0.000000
4 1707727654 1.000000 1 1.000000 1.000000 1.000000
5 1707727654 0.000000 1 0.000000 0.000000 0.000000
6 1707727654 0.000000 1 0.000000 0.000000 0.000000
7 1707727654 0.000000 1 0.000000 0.000000 0.000000
4 1707727655 1.000000 1 1.000000 1.000000 1.000000
5 1707727655 0.000000 1 0.000000 0.000000 0.000000
6 1707727655 0.000000 1 0.000000 0.000000 0.000000
7 1707727655 0.000000 1 0.000000 0.000000 0.000000
4 1707727656 1.000000 1 1.000000 1.000000 1.000000
5 1707727656 0.000000 1 0.000000 0.000000 0.000000
6 1707727656 0.000000 1 0.000000 0.000000 0.000000
7 1707727656 0.000000 1 0.000000 0.000000 0.000000
4 1707727657 1.000000 1 1.000000 1.000000 1.000000
5 1707727657 0.000000 1 0.000000 0.000000 0.000000
6 1707727657 0.000000 1 0.000000 0.000000 0.000000
7 1707727657 0.000000 1 0.000000 0.000000 0.000000
4 1707727659 1.000000 1 1.000000 1.000000 1.000000
5 1707727659 0.000000 1 0.000000 0.000000 0.000000
6 1707727659 0.000000 1 0.000000 0.000000 0.000000
7 1707727659 0.000000 1 0.000000 0.000000 0.000000
4 1707727660 1.000000 1 1.000000 1.000000 1.000000
5 1707727660 0.000000 1 0.000000 0.000000 0.000000
6 1707727660 0.000000 1 0.000000 0.000000 0.000000
7 1707727660 0.000000 1 0.000000 0.000000 0.000000
4 1707727661 1.000000 1 1.000000 1.000000 1.000000
5 1707727661 0.000000 1 0.000000 0.000000 0.000000
6 1707727661 0.000000 1 0.000000 0.000000 0.000000
7 1707727661 0.000000 1 0.000000 0.000000 0.000000
4 1707727662 1.000000 1 1.000000 1.000000 1.000000
5 1707727662 0.000000 1 0.000000 0.000000 0.000000
6 1707727662 0.000000 1 0.000000 0.000000 0.000000
7 1707727662 0.000000 1 0.000000 0.000000 0.000000
4 1707727663 1.000000 1 1.000000 1.000000 1.000000
5 1707727663 0.000000 1 0.000000 0.000000 0.000000
6 1707727663 0.000000 1 0.000000 0.000000 0.000000
7 1707727663 0.000000 1 0.000000 0.000000 0.000000
4 1707727664 1.000000 1 1.000000 1.000000 1.000000
5 1707727664 0.000000 1 0.000000 0.000000 0.000000
6 1707727664 0.000000 1 0.000000 0.000000 0.000000
7 1707727664 0.000000 1 0.000000 0.000000 0.000000
4 1707727665 1.000000 1 1.000000 1.000000 1.000000
5 1707727665 0.000000 1 0.000000 0.000000 0.000000
6 1707727665 0.000000 1 0.000000 0.000000 0.000000
7 1707727665 0.000000 1 0.000000 0.000000 0.000000
4 1707727666 1.000000 1 1.000000 1.000000 1.000000
5 1707727666 0.000000 1 0.000000 0.000000 0.000000
6 1707727666 0.000000 1 0.000000 0.000000 0.000000
7 1707727666 0.000000 1 0.000000 0.000000 0.000000
4 1707727667 1.000000 1 1.000000 1.000000 1.000000
5 1707727667 0.000000 1 0.000000 0.000000 0.000000
6 1707727667 0.000000 1 0.000000 0.000000 0.000000
7 1707727667 0.000000 1 0.000000 0.000000 0.000000
4 1707727668 1.000000 1 1.000000 1.000000 1.000000
5 1707727668 0.000000 1 0.000000 0.000000 0.000000
6 1707727668 0.000000 1 0.000000 0.000000 0.000000
7 1707727668 0.000000 1 0.000000 0.000000 0.000000
4 1707727669 2.000000 1 2.000000 2.000000 2.000000
5 1707727669 0.000000 1 0.000000 0.000000 0.000000
6 1707727669 0.000000 1 0.000000 0.000000 0.000000
7 1707727669 0.000000 1 0.000000 0.000000 0.000000
4 1707727670 2.000000 1 2.000000 2.000000 2.000000
5 1707727670 0.000000 1 0.000000 0.000000 0.000000
6 1707727670 0.000000 1 0.000000 0.000000 0.000000
7 1707727670 0.000000 1 0.000000 0.000000 0.000000
4 1707727671 2.000000 1 2.000000 2.000000 2.000000
5 1707727671 0.000000 1 0.000000 0.000000 0.000000
6 1707727671 0.000000 1 0.000000 0.000000 0.000000
7 1707727671 0.000000 1 0.000000 0.000000 0.000000
4 1707727672 2.000000 1 2.000000 2.000000 2.000000
5 1707727672 0.000000 1 0.000000 0.000000 0.000000
6 1707727672 0.000000 1 0.000000 0.000000 0.000000
7 1707727672 0.000000 1 0.000000 0.000000 0.000000
4 1707727673 2.000000 1 2.000000 2.000000 2.000000
5 1707727673 0.000000 1 0.000000 0.000000 0.000000
6 1707727673 0.000000 1 0.000000 0.000000 0.000000
7 1707727673 0.000000 1 0.000000 0.000000 0.000000
4 1707727674 2.000000 1 2.000000 2.000000 2.000000
5 1707727674 0.000000 1 0.000000 0.000000 0.000000
6 1707727674 0.000000 1 0.000000 0.000000 0.000000
7 1707727674 0.000000 1 0.000000 0.000000 0.000000
4 1707727675 2.000000 1 2.000000 2.000000 2.000000
5 1707727675 0.000000 1 0.000000 0.000000 0.000000
6 1707727675 0.000000 1 0.000000 0.000000 0.000000
7 1707727675 0.000000 1 0.000000 0.000000 0.000000
4 1707727676 2.000000 1 2.000000 2.000000 2.000000
5 1707727676 0.000000 1 0.000000 0.000000 0.000000
6 1707727676 0.000000 1 0.000000 0.000000 0.000000
7 1707727676 0.000000 1 0.000000 0.000000 0.000000
4 1707727677 2.000000 1 2.000000 2.000000 2.000000
5 1707727677 0.000000 1 0.000000 0.000000 0.000000
6 1707727677 0.000000 1 0.000000 0.000000 0.000000
7 1707727677 0.000000 1 0.000000 0.000000 0.000000
4 1707727678 2.000000 1 2.000000 2.000000 2.000000
5 1707727678 0.000000 1 0.000000 0.000000 0.000000
6 1707727678 0.000000 1 0.000000 0.000000 0.000000
7 1707727678 0.000000 1 0.000000 0.000000 0.000000
4 1707727679 2.000000 1 2.000000 2.000000 2.000000
5 1707727679 0.000000 1 0.000000 0.000000 0.000000
6 1707727679 0.000000 1 0.000000 0.000000 0.000000
7 1707727679 0.000000 1 0.000000 0.000000 0.000000
4 1707727680 2.000000 1 2.000000 2.000000 2.000000
5 1707727680 0.000000 1 0.000000 0.000000 0.000000
6 1707727680 0.000000 1 0.000000 0.000000 0.000000
7 1707727680 0.000000 1 0.000000 0.000000 0.000000
4 1707727681 2.000000 1 2.000000 2.000000 2.000000
5 1707727681 0.000000 1 0.000000 0.000000 0.000000
6 1707727681 0.000000 1 0.000000 0.000000 0.000000
7 1707727681 0.000000 1 0.000000 0.000000 0.000000
4 1707727682 2.000000 1 2.000000 2.000000 2.000000
5 1707727682 0.000000 1 0.000000 0.000000 0.000000
6 1707727682 0.000000 1 0.000000 0.000000 0.000000
7 1707727682 0.000000 1 0.000000 0.000000 0.000000
4 1707727683 3.000000 1 3.000000 3.000000 3.000000
5 1707727683 0.000000 1 0.000000 0.000000 0.000000
6 1707727683 0.000000 1 0.000000 0.000000 0.000000
7 1707727683 0.000000 1 0.000000 0.000000 0.000000
4 1707727684 3.000000 1 3.000000 3.000000 3.000000
5 1707727684 0.000000 1 0.000000 0.000000 0.000000
6 1707727684 0.000000 1 0.000000 0.000000 0.000000
7 1707727684 0.000000 1 0.000000 0.000000 0.000000
4 1707727685 3.000000 1 3.000000 3.000000 3.000000
5 1707727685 0.000000 1 0.000000 0.000000 0.000000
6 1707727685 0.000000 1 0.000000 0.000000 0.000000
7 1707727685 0.000000 1 0.000000 0.000000 0.000000
4 1707727686 3.000000 1 3.000000 3.000000 3.000000
5 1707727686 0.000000 1 0.000000 0.000000 0.000000
6 1707727686 0.000000 1 0.000000 0.000000 0.000000
7 1707727686 0.000000 1 0.000000 0.000000 0.000000
4 1707727687 3.000000 1 3.000000 3.000000 3.000000
5 1707727687 0.000000 1 0.000000 0.000000 0.000000
6 1707727687 0.000000 1 0.000000 0.000000 0.000000
7 1707727687 0.000000 1 0.000000 0.000000 0.000000
4 1707727688 3.000000 1 3.000000 3.000000 3.000000
5 1707727688 0.000000 1 0.000000 0.000000 0.000000
6 1707727688 0.000000 1 0.000000 0.000000 0.000000
7 1707727688 0.000000 1 0.000000 0.000000 0.000000
4 1707727689 3.000000 1 3.000000 3.000000 3.000000
5 1707727689 0.000000 1 0.000000 0.000000 0.000000
6 1707727689 0.000000 1 0.000000 0.000000 0.000000
7 1707727689 0.000000 1 0.000000 0.000000 0.000000
4 1707727690 3.000000 1 3.000000 3.000000 3.000000
5 1707727690 0.000000 1 0.000000 0.000000 0.000000
6 1707727690 0.000000 1 0.000000 0.000000 0.000000
7 1707727690 0.000000 1 0.000000 0.000000 0.000000
4 1707727691 3.000000 1 3.000000 3.000000 3.000000
5 1707727691 0.000000 1 0.000000 0.000000 0.000000
6 1707727691 0.000000 1 0.000000 0.000000 0.000000
7 1707727691 0.000000 1 0.000000 0.000000 0.000000
4 1707727692 3.000000 1 3.000000 3.000000 3.000000
5 1707727692 0.000000 1 0.000000 0.000000 0.000000
6 1707727692 0.000000 1 0.000000 0.000000 0.000000
7 1707727692 0.000000 1 0.000000 0.000000 0.000000
4 1707727693 3.000000 1 3.000000 3.000000 3.000000
5 1707727693 0.000000 1 0.000000 0.000000 0.000000
6 1707727693 0.000000 1 0.000000 0.000000 0.000000
7 1707727693 0.000000 1 0.000000 0.000000 0.000000
4 1707727694 3.000000 1 3.000000 3.000000 3.000000
5 1707727694 0.000000 1 0.000000 0.000000 0.000000
6 1707727694 0.000000 1 0.000000 0.000000 0.000000
7 1707727694 0.000000 1 0.000000 0.000000 0.000000
4 1707727695 3.000000 1 3.000000 3.000000 3.000000
5 1707727695 0.000000 1 0.000000 0.000000 0.000000
6 1707727695 0.000000 1 0.000000 0.000000 0.000000
7 1707727695 0.000000 1 0.000000 0.000000 0.000000
4 1707727696 3.000000 1 3.000000 3.000000 3.000000
5 1707727696 0.000000 1 0.000000 0.000000 0.000000
6 1707727696 0.000000 1 0.000000 0.000000 0.000000
7 1707727696 0.000000 1 0.000000 0.000000 0.000000
4 1707727697 3.000000 1 3.000000 3.000000 3.000000
5 1707727697 0.000000 1 0.000000 0.000000 0.000000
6 1707727697 0.000000 1 0.000000 0.000000 0.000000
7 1707727697 0.000000 1 0.000000 0.000000 0.000000
4 1707727698 4.000000 1 4.000000 4.000000 4.000000
5 1707727698 0.000000 1 0.000000 0.000000 0.000000
6 1707727698 0.000000 1 0.000000 0.000000 0.000000
7 1707727698 0.000000 1 0.000000 0.000000 0.000000
4 1707727699 4.000000 1 4.000000 4.000000 4.000000
5 1707727699 0.000000 1 0.000000 0.000000 0.000000
6 1707727699 0.000000 1 0.000000 0.000000 0.000000
7 1707727699 0.000000 1 0.000000 0.000000 0.000000
4 1707727700 4.000000 1 4.000000 4.000000 4.000000
5 1707727700 0.000000 1 0.000000 0.000000 0.000000
6 1707727700 0.000000 1 0.000000 0.000000 0.000000
7 1707727700 0.000000 1 0.000000 0.000000 0.000000
4 1707727701 4.000000 1 4.000000 4.000000 4.000000
5 1707727701 0.000000 1 0.000000 0.000000 0.000000
6 1707727701 0.000000 1 0.000000 0.000000 0.000000
7 1707727701 0.000000 1 0.000000 0.000000 0.000000
4 1707727702 4.000000 1 4.000000 4.000000 4.000000
5 1707727702 0.000000 1 0.000000 0.000000 0.000000
6 1707727702 0.000000 1 0.000000 0.000000 0.000000
7 1707727702 0.000000 1 0.000000 0.000000 0.000000
4 1707727703 4.000000 1 4.000000 4.000000 4.000000
5 1707727703 0.000000 1 0.000000 0.000000 0.000000
6 1707727703 0.000000 1 0.000000 0.000000 0.000000
7 1707727703 0.000000 1 0.000000 0.000000 0.000000
4 1707727704 4.000000 1 4.000000 4.000000 4.000000
5 1707727704 0.000000 1 0.000000 0.000000 0.000000
6 1707727704 0.000000 1 0.000000 0.000000 0.000000
7 1707727704 0.000000 1 0.000000 0.000000 0.000000
4 1707727705 4.000000 1 4.000000 4.000000 4.000000
5 1707727705 0.000000 1 0.000000 0.000000 0.000000
6 1707727705 0.000000 1 0.000000 0.000000 0.000000
7 1707727705 0.000000 1 0.000000 0.000000 0.000000
4 1707727706 4.000000 1 4.000000 4.000000 4.000000
5 1707727706 0.000000 1 0.000000 0.000000 0.000000
6 1707727706 0.000000 1 0.000000 0.000000 0.000000
7 1707727706 0.000000 1 0.000000 0.000000 0.000000
4 1707727707 4.000000 1 4.000000 4.000000 4.000000
5 1707727707 0.000000 1 0.000000 0.000000 0.000000
6 1707727707 0.000000 1 0.000000 0.000000 0.000000
7 1707727707 0.000000 1 0.000000 0.000000 0.000000
4 1707727708 4.000000 1 4.000000 4.000000 4.000000
5 1707727708 0.000000 1 0.000000 0.000000 0.000000
6 1707727708 0.000000 1 0.000000 0.000000 0.000000
7 1707727708 0.000000 1 0.000000 0.000000 0.000000
4 1707727709 4.000000 1 4.000000 4.000000 4.000000
5 1707727709 0.000000 1 0.000000 0.000000 0.000000
6 1707727709 0.000000 1 0.000000 0.000000 0.000000
7 1707727709 0.000000 1 0.000000 0.000000 0.000000
4 1707727710 4.000000 1 4.000000 4.000000 4.000000
5 1707727710 0.000000 1 0.000000 0.000000 0.000000
6 1707727710 0.000000 1 0.000000 0.000000 0.000000
7 1707727710 0.000000 1 0.000000 0.000000 0.000000
4 1707727711 4.000000 1 4.000000 4.000000 4.000000
5 1707727711 0.000000 1 0.000000 0.000000 0.000000
6 1707727711 0.000000 1 0.000000 0.000000 0.000000
7 1707727711 0.000000 1 0.000000 0.000000 0.000000
4 1707727712 4.000000 1 4.000000 4.000000 4.000000
5 1707727712 0.000000 1 0.000000 0.000000 0.000000
6 1707727712 0.000000 1 0.000000 0.000000 0.000000
7 1707727712 0.000000 1 0.000000 0.000000 0.000000
4 1707727713 5.000000 1 5.000000 5.000000 5.000000
5 1707727713 0.000000 1 0.000000 0.000000 0.000000
6 1707727713 0.000000 1 0.000000 0.000000 0.000000
7 1707727713 0.000000 1 0.000000 0.000000 0.000000
4 1707727714 5.000000 1 5.000000 5.000000 5.000000
5 1707727714 0.000000 1 0.000000 0.000000 0.000000
6 1707727714 0.000000 1 0.000000 0.000000 0.000000
7 1707727714 0.000000 1 0.000000 0.000000 0.000000
4 1707727715 5.000000 1 5.000000 5.000000 5.000000
5 1707727715 0.000000 1 0.000000 0.000000 0.000000
6 1707727715 0.000000 1 0.000000 0.000000 0.000000
7 1707727715 0.000000 1 0.000000 0.000000 0.000000
4 1707727716 5.000000 1 5.000000 5.000000 5.000000
5 1707727716 0.000000 1 0.000000 0.000000 0.000000
6 1707727716 0.000000 1 0.000000 0.000000 0.000000
7 1707727716 0.000000 1 0.000000 0.000000 0.000000
4 1707727717 5.000000 1 5.000000 5.000000 5.000000
5 1707727717 0.000000 1 0.000000 0.000000 0.000000
6 1707727717 0.000000 1 0.000000 0.000000 0.000000
7 1707727717 0.000000 1 0.000000 0.000000 0.000000
4 1707727718 5.000000 1 5.000000 5.000000 5.000000
5 1707727718 0.000000 1 0.000000 0.000000 0.000000
6 1707727718 0.000000 1 0.000000 0.000000 0.000000
7 1707727718 0.000000 1 0.000000 0.000000 0.000000
4 1707727720 5.000000 1 5.000000 5.000000 5.000000
5 1707727720 0.000000 1 0.000000 0.000000 0.000000
6 1707727720 0.000000 1 0.000000 0.000000 0.000000
7 1707727720 0.000000 1 0.000000 0.000000 0.000000
4 1707727721 5.000000 1 5.000000 5.000000 5.000000
5 1707727721 0.000000 1 0.000000 0.000000 0.000000
6 1707727721 0.000000 1 0.000000 0.000000 0.000000
7 1707727721 0.000000 1 0.000000 0.000000 0.000000
4 1707727722 5.000000 1 5.000000 5.000000 5.000000
5 1707727722 0.000000 1 0.000000 0.000000 0.000000
6 1707727722 0.000000 1 0.000000 0.000000 0.000000
7 1707727722 0.000000 1 0.000000 0.000000 0.000000
4 1707727723 5.000000 1 5.000000 5.000000 5.000000
5 1707727723 0.000000 1 0.000000 0.000000 0.000000
6 1707727723 0.000000 1 0.000000 0.000000 0.000000
7 1707727723 0.000000 1 0.000000 0.000000 0.000000
4 1707727724 5.000000 1 5.000000 5.000000 5.000000
5 1707727724 0.000000 1 0.000000 0.000000 0.000000
6 1707727724 0.000000 1 0.000000 0.000000 0.000000
7 1707727724 0.000000 1 0.000000 0.000000 0.000000
4 1707727725 5.000000 1 5.000000 5.000000 5.000000
5 1707727725 0.000000 1 0.000000 0.000000 0.000000
6 1707727725 0.000000 1 0.000000 0.000000 0.000000
7 1707727725 0.000000 1 0.000000 0.000000 0.000000
4 1707727726 5.000000 1 5.000000 5.000000 5.000000
5 1707727726 0.000000 1 0.000000 0.000000 0.000000
6 1707727726 0.000000 1 0.000000 0.000000 0.000000
7 1707727726 0.000000 1 0.000000 0.000000 0.000000
4 1707727727 5.000000 1 5.000000 5.000000 5.000000
5 1707727727 0.000000 1 0.000000 0.000000 0.000000
6 1707727727 0.000000 1 0.000000 0.000000 0.000000
7 1707727727 0.000000 1 0.000000 0.000000 0.000000
4 1707727728 5.000000 1 5.000000 5.000000 5.000000
5 1707727728 0.000000 1 0.000000 0.000000 0.000000
6 1707727728 0.000000 1 0.000000 0.000000 0.000000
7 1707727728 0.000000 1 0.000000 0.000000 0.000000
4 1707727729 6.000000 1 6.000000 6.000000 6.000000
5 1707727729 0.000000 1 0.000000 0.000000 0.000000
6 1707727729 0.000000 1 0.000000 0.000000 0.000000
7 1707727729 0.000000 1 0.000000 0.000000 0.000000
4 1707727730 6.000000 1 6.000000 6.000000 6.000000
5 1707727730 0.000000 1 0.000000 0.000000 0.000000
6 1707727730 0.000000 1 0.000000 0.000000 0.000000
7 1707727730 0.000000 1 0.000000 0.000000 0.000000
4 1707727731 6.000000 1 6.000000 6.000000 6.000000
5 1707727731 0.000000 1 0.000000 0.000000 0.000000
6 1707727731 0.000000 1 0.000000 0.000000 0.000000
7 1707727731 0.000000 1 0.000000 0.000000 0.000000
4 1707727732 6.000000 1 6.000000 6.000000 6.000000
5 1707727732 0.000000 1 0.000000 0.000000 0.000000
6 1707727732 0.000000 1 0.000000 0.000000 0.000000
7 1707727732 0.000000 1 0.000000 0.000000 0.000000
4 1707727733 6.000000 1 6.000000 6.000000 6.000000
5 1707727733 0.000000 1 0.000000 0.000000 0.000000
6 1707727733 0.000000 1 0.000000 0.000000 0.000000
7 1707727733 0.000000 1 0.000000 0.000000 0.000000
4 1707727734 6.000000 1 6.000000 6.000000 6.000000
5 1707727734 0.000000 1 0.000000 0.000000 0.000000
6 1707727734 0.000000 1 0.000000 0.000000 0.000000
7 1707727734 0.000000 1 0.000000 0.000000 0.000000
4 1707727735 6.000000 1 6.000000 6.000000 6.000000
5 1707727735 0.000000 1 0.000000 0.000000 0.000000
6 1707727735 0.000000 1 0.000000 0.000000 0.000000
7 1707727735 0.000000 1 0.000000 0.000000 0.000000
4 1707727736 6.000000 1 6.000000 6.000000 6.000000
5 1707727736 0.000000 1 0.000000 0.000000 0.000000
6 1707727736 0.000000 1 0.000000 0.000000 0.000000
7 1707727736 0.000000 1 0.000000 0.000000 0.000000
4 1707727737 6.000000 1 6.000000 6.000000 6.000000
5 1707727737 0.000000 1 0.000000 0.000000 0.000000
6 1707727737 0.000000 1 0.000000 0.000000 0.000000
7 1707727737 0.000000 1 0.000000 0.000000 0.000000
4 1707727738 6.000000 1 6.000000 6.000000 6.000000
5 1707727738 0.000000 1 0.000000 0.000000 0.000000
6 1707727738 0.000000 1 0.000000 0.000000 0.000000
7 1707727738 0.000000 1 0.000000 0.000000 0.000000
4 1707727739 6.000000 1 6.000000 6.000000 6.000000
5 1707727739 0.000000 1 0.000000 0.000000 0.000000
6 1707727739 0.000000 1 0.000000 0.000000 0.000000
7 1707727739 0.000000 1 0.000000 0.000000 0.000000
4 1707727740 6.000000 1 6.000000 6.000000 6.000000
5 1707727740 0.000000 1 0.000000 0.000000 0.000000
6 1707727740 0.000000 1 0.000000 0.000000 0.000000
7 1707727740 0.000000 1 0.000000 0.000000 0.000000
4 1707727741 6.000000 1 6.000000 6.000000 6.000000
5 1707727741 0.000000 1 0.000000 0.000000 0.000000
6 1707727741 0.000000 1 0.000000 0.000000 0.000000
7 1707727741 0.000000 1 0.000000 0.000000 0.000000
4 1707727742 6.000000 1 6.000000 6.000000 6.000000
5 1707727742 0.000000 1 0.000000 0.000000 0.000000
6 1707727742 0.000000 1 0.000000 0.000000 0.000000
7 1707727742 0.000000 1 0.000000 0.000000 0.000000
4 1707727743 6.000000 1 6.000000 6.000000 6.000000
5 1707727743 1.000000 1 1.000000 1.000000 1.000000
6 1707727743 0.000000 1 0.000000 0.000000 0.000000
7 1707727743 0.000000 1 0.000000 0.000000 0.000000
4 1707727744 7.000000 1 7.000000 7.000000 7.000000
5 1707727744 0.000000 1 0.000000 0.000000 0.000000
6 1707727744 0.000000 1 0.000000 0.000000 0.000000
7 1707727744 0.000000 1 0.000000 0.000000 0.000000
4 1707727745 7.000000 1 7.000000 7.000000 7.000000
5 1707727745 0.000000 1 0.000000 0.000000 0.000000
6 1707727745 0.000000 1 0.000000 0.000000 0.000000
7 1707727745 0.000000 1 0.000000 0.000000 0.000000
4 1707727746 7.000000 1 7.000000 7.000000 7.000000
5 1707727746 0.000000 1 0.000000 0.000000 0.000000
6 1707727746 0.000000 1 0.000000 0.000000 0.000000
7 1707727746 0.000000 1 0.000000 0.000000 0.000000
4 1707727747 7.000000 1 7.000000 7.000000 7.000000
5 1707727747 0.000000 1 0.000000 0.000000 0.000000
6 1707727747 0.000000 1 0.000000 0.000000 0.000000
7 1707727747 0.000000 1 0.000000 0.000000 0.000000
4 1707727748 7.000000 1 7.000000 7.000000 7.000000
5 1707727748 0.000000 1 0.000000 0.000000 0.000000
6 1707727748 0.000000 1 0.000000 0.000000 0.000000
7 1707727748 0.000000 1 0.000000 0.000000 0.000000
4 1707727749 7.000000 1 7.000000 7.000000 7.000000
5 1707727749 0.000000 1 0.000000 0.000000 0.000000
6 1707727749 0.000000 1 0.000000 0.000000 0.000000
7 1707727749 0.000000 1 0.000000 0.000000 0.000000
4 1707727750 7.000000 1 7.000000 7.000000 7.000000
5 1707727750 0.000000 1 0.000000 0.000000 0.000000
6 1707727750 0.000000 1 0.000000 0.000000 0.000000
7 1707727750 0.000000 1 0.000000 0.000000 0.000000
4 1707727751 7.000000 1 7.000000 7.000000 7.000000
5 1707727751 0.000000 1 0.000000 0.000000 0.000000
6 1707727751 0.000000 1 0.000000 0.000000 0.000000
7 1707727751 0.000000 1 0.000000 0.000000 0.000000
4 1707727752 7.000000 1 7.000000 7.000000 7.000000
5 1707727752 0.000000 1 0.000000 0.000000 0.000000
6 1707727752 0.000000 1 0.000000 0.000000 0.000000
7 1707727752 0.000000 1 0.000000 0.000000 0.000000
4 1707727753 7.000000 1 7.000000 7.000000 7.000000
5 1707727753 0.000000 1 0.000000 0.000000 0.000000
6 1707727753 0.000000 1 0.000000 0.000000 0.000000
7 1707727753 0.000000 1 0.000000 0.000000 0.000000
4 1707727754 7.000000 1 7.000000 7.000000 7.000000
5 1707727754 0.000000 1 0.000000 0.000000 0.000000
6 1707727754 0.000000 1 0.000000 0.000000 0.000000
7 1707727754 0.000000 1 0.000000 0.000000 0.000000
4 1707727755 7.000000 1 7.000000 7.000000 7.000000
5 1707727755 0.000000 1 0.000000 0.000000 0.000000
6 1707727755 0.000000 1 0.000000 0.000000 0.000000
7 1707727755 0.000000 1 0.000000 0.000000 0.000000
4 1707727756 7.000000 1 7.000000 7.000000 7.000000
5 1707727756 0.000000 1 0.000000 0.000000 0.000000
6 1707727756 0.000000 1 0.000000 0.000000 0.000000
7 1707727756 0.000000 1 0.000000 0.000000 0.000000
4 1707727757 7.000000 1 7.000000 7.000000 7.000000
5 1707727757 0.000000 1 0.000000 0.000000 0.000000
6 1707727757 0.000000 1 0.000000 0.000000 0.000000
7 1707727757 0.000000 1 0.000000 0.000000 0.000000
4 1707727758 8.000000 1 8.000000 8.000000 8.000000
5 1707727758 0.000000 1 0.000000 0.000000 0.000000
6 1707727758 0.000000 1 0.000000 0.000000 0.000000
7 1707727758 0.000000 1 0.000000 0.000000 0.000000
4 1707727759 8.000000 1 8.000000 8.000000 8.000000
5 1707727759 0.000000 1 0.000000 0.000000 0.000000
6 1707727759 0.000000 1 0.000000 0.000000 0.000000
7 1707727759 0.000000 1 0.000000 0.000000 0.000000
4 1707727760 8.000000 1 8.000000 8.000000 8.000000
5 1707727760 0.000000 1 0.000000 0.000000 0.000000
6 1707727760 0.000000 1 0.000000 0.000000 0.000000
7 1707727760 0.000000 1 0.000000 0.000000 0.000000
4 1707727761 8.000000 1 8.000000 8.000000 8.000000
5 1707727761 0.000000 1 0.000000 0.000000 0.000000
6 1707727761 0.000000 1 0.000000 0.000000 0.000000
7 1707727761 0.000000 1 0.000000 0.000000 0.000000
4 1707727762 8.000000 1 8.000000 8.000000 8.000000
5 1707727762 0.000000 1 0.000000 0.000000 0.000000
6 1707727762 0.000000 1 0.000000 0.000000 0.000000
7 1707727762 0.000000 1 0.000000 0.000000 0.000000
4 1707727763 8.000000 1 8.000000 8.000000 8.000000
5 1707727763 0.000000 1 0.000000 0.000000 0.000000
6 1707727763 0.000000 1 0.000000 0.000000 0.000000
7 1707727763 0.000000 1 0.000000 0.000000 0.000000
4 1707727764 8.000000 1 8.000000 8.000000 8.000000
5 1707727764 0.000000 1 0.000000 0.000000 0.000000
6 1707727764 0.000000 1 0.000000 0.000000 0.000000
7 1707727764 0.000000 1 0.000000 0.000000 0.000000
4 1707727765 8.000000 1 8.000000 8.000000 8.000000
5 1707727765 0.000000 1 0.000000 0.000000 0.000000
6 1707727765 0.000000 1 0.000000 0.000000 0.000000
7 1707727765 0.000000 1 0.000000 0.000000 0.000000
4 1707727766 8.000000 1 8.000000 8.000000 8.000000
5 1707727766 0.000000 1 0.000000 0.000000 0.000000
6 1707727766 0.000000 1 0.000000 0.000000 0.000000
7 1707727766 0.000000 1 0.000000 0.000000 0.000000
4 1707727767 8.000000 1 8.000000 8.000000 8.000000
5 1707727767 0.000000 1 0.000000 0.000000 0.000000
6 1707727767 0.000000 1 0.000000 0.000000 0.000000
7 1707727767 0.000000 1 0.000000 0.000000 0.000000
4 1707727768 8.000000 1 8.000000 8.000000 8.000000
5 1707727768 0.000000 1 0.000000 0.000000 0.000000
6 1707727768 0.000000 1 0.000000 0.000000 0.000000
7 1707727768 0.000000 1 0.000000 0.000000 0.000000
4 1707727769 8.000000 1 8.000000 8.000000 8.000000
5 1707727769 0.000000 1 0.000000 0.000000 0.000000
6 1707727769 0.000000 1 0.000000 0.000000 0.000000
7 1707727769 0.000000 1 0.000000 0.000000 0.000000
4 1707727770 8.000000 1 8.000000 8.000000 8.000000
5 1707727770 0.000000 1 0.000000 0.000000 0.000000
6 1707727770 0.000000 1 0.000000 0.000000 0.000000
7 1707727770 0.000000 1 0.000000 0.000000 0.000000
4 1707727771 8.000000 1 8.000000 8.000000 8.000000
5 1707727771 0.000000 1 0.000000 0.000000 0.000000
6 1707727771 0.000000 1 0.000000 0.000000 0.000000
7 1707727771 0.000000 1 0.000000 0.000000 0.000000
4 1707727772 8.000000 1 8.000000 8.000000 8.000000
5 1707727772 0.000000 1 0.000000 0.000000 0.000000
6 1707727772 0.000000 1 0.000000 0.000000 0.000000
7 1707727772 0.000000 1 0.000000 0.000000 0.000000
4 1707727773 9.000000 1 9.000000 9.000000 9.000000
5 1707727773 0.000000 1 0.000000 0.000000 0.000000
6 1707727773 0.000000 1 0.000000 0.000000 0.000000
7 1707727773 0.000000 1 0.000000 0.000000 0.000000
4 1707727774 9.000000 1 9.000000 9.000000 9.000000
5 1707727774 0.000000 1 0.000000 0.000000 0.000000
6 1707727774 0.000000 1 0.000000 0.000000 0.000000
7 1707727774 0.000000 1 0.000000 0.000000 0.000000
4 1707727775 9.000000 1 9.000000 9.000000 9.000000
5 1707727775 0.000000 1 0.000000 0.000000 0.000000
6 1707727775 0.000000 1 0.000000 0.000000 0.000000
7 1707727775 0.000000 1 0.000000 0.000000 0.000000
4 1707727776 9.000000 1 9.000000 9.000000 9.000000
5 1707727776 0.000000 1 0.000000 0.000000 0.000000
6 1707727776 0.000000 1 0.000000 0.000000 0.000000
7 1707727776 0.000000 1 0.000000 0.000000 0.000000
4 1707727777 9.000000 1 9.000000 9.000000 9.000000
5 1707727777 0.000000 1 0.000000 0.000000 0.000000
6 1707727777 0.000000 1 0.000000 0.000000 0.000000
7 1707727777 0.000000 1 0.000000 0.000000 0.000000
4 1707727778 9.000000 1 9.000000 9.000000 9.000000
5 1707727778 0.000000 1 0.000000 0.000000 0.000000
6 1707727778 0.000000 1 0.000000 0.000000 0.000000
7 1707727778 0.000000 1 0.000000 0.000000 0.000000
4 1707727780 9.000000 1 9.000000 9.000000 9.000000
5 1707727780 0.000000 1 0.000000 0.000000 0.000000
6 1707727780 0.000000 1 0.000000 0.000000 0.000000
7 1707727780 0.000000 1 0.000000 0.000000 0.000000
4 1707727781 9.000000 1 9.000000 9.000000 9.000000
5 1707727781 0.000000 1 0.000000 0.000000 0.000000
6 1707727781 0.000000 1 0.000000 0.000000 0.000000
7 1707727781 0.000000 1 0.000000 0.000000 0.000000
4 1707727782 9.000000 1 9.000000 9.000000 9.000000
5 1707727782 0.000000 1 0.000000 0.000000 0.000000
6 1707727782 0.000000 1 0.000000 0.000000 0.000000
7 1707727782 0.000000 1 0.000000 0.000000 0.000000
4 1707727783 9.000000 1 9.000000 9.000000 9.000000
5 1707727783 0.000000 1 0.000000 0.000000 0.000000
6 1707727783 0.000000 1 0.000000 0.000000 0.000000
7 1707727783 0.000000 1 0.000000 0.000000 0.000000
4 1707727784 9.000000 1 9.000000 9.000000 9.000000
5 1707727784 0.000000 1 0.000000 0.000000 0.000000
6 1707727784 0.000000 1 0.000000 0.000000 0.000000
7 1707727784 0.000000 1 0.000000 0.000000 0.000000
4 1707727785 9.000000 1 9.000000 9.000000 9.000000
5 1707727785 0.000000 1 0.000000 0.000000 0.000000
6 1707727785 0.000000 1 0.000000 0.000000 0.000000
7 1707727785 0.000000 1 0.000000 0.000000 0.000000
4 1707727786 9.000000 1 9.000000 9.000000 9.000000
5 1707727786 0.000000 1 0.000000 0.000000 0.000000
6 1707727786 0.000000 1 0.000000 0.000000 0.000000
7 1707727786 0.000000 1 0.000000 0.000000 0.000000
4 1707727787 9.000000 1 9.000000 9.000000 9.000000
5 1707727787 0.000000 1 0.000000 0.000000 0.000000
6 1707727787 0.000000 1 0.000000 0.000000 0.000000
7 1707727787 0.000000 1 0.000000 0.000000 0.000000
4 1707727788 9.000000 1 9.000000 9.000000 9.000000
5 1707727788 0.000000 1 0.000000 0.000000 0.000000
6 1707727788 0.000000 1 0.000000 0.000000 0.000000
7 1707727788 0.000000 1 0.000000 0.000000 0.000000
4 1707727789 9.000000 1 9.000000 9.000000 9.000000
5 1707727789 0.000000 1 0.000000 0.000000 0.000000
6 1707727789 0.000000 1 0.000000 0.000000 0.000000
7 1707727789 0.000000 1 0.000000 0.000000 0.000000
4 1707727790 9.000000 1 9.000000 9.000000 9.000000
5 1707727790 0.000000 1 0.000000 0.000000 0.000000
6 1707727790 0.000000 1 0.000000 0.000000 0.000000
7 1707727790 0.000000 1 0.000000 0.000000 0.000000
4 1707727791 9.000000 1 9.000000 9.000000 9.000000
5 1707727791 0.000000 1 0.000000 0.000000 0.000000
6 1707727791 0.000000 1 0.000000 0.000000 0.000000
7 1707727791 0.000000 1 0.000000 0.000000 0.000000
4 1707727792 9.000000 1 9.000000 9.000000 9.000000
5 1707727792 0.000000 1 0.000000 0.000000 0.000000
6 1707727792 0.000000 1 0.000000 0.000000 0.000000
7 1707727792 0.000000 1 0.000000 0.000000 0.000000
4 1707727793 9.000000 1 9.000000 9.000000 9.000000
5 1707727793 0.000000 1 0.000000 0.000000 0.000000
6 1707727793 0.000000 1 0.000000 0.000000 0.000000
7 1707727793 0.000000 1 0.000000 0.000000 0.000000
4 1707727794 9.000000 1 9.000000 9.000000 9.000000
5 1707727794 0.000000 1 0.000000 0.000000 0.000000
6 1707727794 0.000000 1 0.000000 0.000000 0.000000
7 1707727794 0.000000 1 0.000000 0.000000 0.000000
4 1707727795 9.000000 1 9.000000 9.000000 9.000000
5 1707727795 0.000000 1 0.000000 0.000000 0.000000
6 1707727795 0.000000 1 0.000000 0.000000 0.000000
7 1707727795 0.000000 1 0.000000 0.000000 0.000000
4 1707727796 9.000000 1 9.000000 9.000000 9.000000
5 1707727796 0.000000 1 0.000000 0.000000 0.000000
6 1707727796 0.000000 1 0.000000 0.000000 0.000000
7 1707727796 0.000000 1 0.000000 0.000000 0.000000
4 1707727797 9.000000 1 9.000000 9.000000 9.000000
5 1707727797 0.000000 1 0.000000 0.000000 0.000000
6 1707727797 0.000000 1 0.000000 0.000000 0.000000
7 1707727797 0.000000 1 0.000000 0.000000 0.000000
4 1707727798 9.000000 1 9.000000 9.000000 9.000000
5 1707727798 0.000000 1 0.000000 0.000000 0.000000
6 1707727798 0.000000 1 0.000000 0.000000 0.000000
7 1707727798 0.000000 1 0.000000 0.000000 0.000000
4 1707727799 9.000000 1 9.000000 9.000000 9.000000
5 1707727799 0.000000 1 0.000000 0.000000 0.000000
6 1707727799 0.000000 1 0.000000 0.000000 0.000000
7 1707727799 0.000000 1 0.000000 0.000000 0.000000
4 1707727800 9.000000 1 9.000000 9.000000 9.000000
5 1707727800 0.000000 1 0.000000 0.000000 0.000000
6 1707727800 0.000000 1 0.000000 0.000000 0.000000
7 1707727800 0.000000 1 0.000000 0.000000 0.000000
4 1707727801 9.000000 1 9.000000 9.000000 9.000000
5 1707727801 0.000000 1 0.000000 0.000000 0.000000
6 1707727801 0.000000 1 0.000000 0.000000 0.000000
7 1707727801 0.000000 1 0.000000 0.000000 0.000000
4 1707727802 9.000000 1 9.000000 9.000000 9.000000
5 1707727802 0.000000 1 0.000000 0.000000 0.000000
6 1707727802 0.000000 1 0.000000 0.000000 0.000000
7 1707727802 0.000000 1 0.000000 0.000000 0.000000
4 1707727803 9.000000 1 9.000000 9.000000 9.000000
5 1707727803 0.000000 1 0.000000 0.000000 0.000000
6 1707727803 0.000000 1 0.000000 0.000000 0.000000
7 1707727803 0.000000 1 0.000000 0.000000 0.000000
4 1707727804 9.000000 1 9.000000 9.000000 9.000000
5 1707727804 0.000000 1 0.000000 0.000000 0.000000
6 1707727804 0.000000 1 0.000000 0.000000 0.000000
7 1707727804 0.000000 1 0.000000 0.000000 0.000000
4 1707727805 9.000000 1 9.000000 9.000000 9.000000
5 1707727805 0.000000 1 0.000000 0.000000 0.000000
6 1707727805 0.000000 1 0.000000 0.000000 0.000000
7 1707727805 0.000000 1 0.000000 0.000000 0.000000
4 1707727806 9.000000 1 9.000000 9.000000 9.000000
5 1707727806 0.000000 1 0.000000 0.000000 0.000000
6 1707727806 0.000000 1 0.000000 0.000000 0.000000
7 1707727806 0.000000 1 0.000000 0.000000 0.000000
4 1707727807 9.000000 1 9.000000 9.000000 9.000000
5 1707727807 0.000000 1 0.000000 0.000000 0.000000
6 1707727807 0.000000 1 0.000000 0.000000 0.000000
7 1707727807 0.000000 1 0.000000 0.000000 0.000000
4 1707727808 9.000000 1 9.000000 9.000000 9.000000
5 1707727808 0.000000 1 0.000000 0.000000 0.000000
6 1707727808 0.000000 1 0.000000 0.000000 0.000000
7 1707727808 0.000000 1 0.000000 0.000000 0.000000
4 1707727809 9.000000 1 9.000000 9.000000 9.000000
5 1707727809 0.000000 1 0.000000 0.000000 0.000000
6 1707727809 0.000000 1 0.000000 0.000000 0.000000
7 1707727809 0.000000 1 0.000000 0.000000 0.000000
4 1707727810 9.000000 1 9.000000 9.000000 9.000000
5 1707727810 0.000000 1 0.000000 0.000000 0.000000
6 1707727810 0.000000 1 0.000000 0.000000 0.000000
7 1707727810 0.000000 1 0.000000 0.000000 0.000000
4 1707727811 9.000000 1 9.000000 9.000000 9.000000
5 1707727811 0.000000 1 0.000000 0.000000 0.000000
6 1707727811 0.000000 1 0.000000 0.000000 0.000000
7 1707727811 0.000000 1 0.000000 0.000000 0.000000
4 1707727812 9.000000 1 9.000000 9.000000 9.000000
5 1707727812 0.000000 1 0.000000 0.000000 0.000000
6 1707727812 0.000000 1 0.000000 0.000000 0.000000
7 1707727812 0.000000 1 0.000000 0.000000 0.000000
4 1707727813 9.000000 1 9.000000 9.000000 9.000000
5 1707727813 0.000000 1 0.000000 0.000000 0.000000
6 1707727813 0.000000 1 0.000000 0.000000 0.000000
7 1707727813 0.000000 1 0.000000 0.000000 0.000000
4 1707727814 9.000000 1 9.000000 9.000000 9.000000
5 1707727814 0.000000 1 0.000000 0.000000 0.000000
6 1707727814 0.000000 1 0.000000 0.000000 0.000000
7 1707727814 0.000000 1 0.000000 0.000000 0.000000
4 1707727815 9.000000 1 9.000000 9.000000 9.000000
5 1707727815 0.000000 1 0.000000 0.000000 0.000000
6 1707727815 0.000000 1 0.000000 0.000000 0.000000
7 1707727815 0.000000 1 0.000000 0.000000 0.000000
4 1707727816 9.000000 1 9.000000 9.000000 9.000000
5 1707727816 0.000000 1 0.000000 0.000000 0.000000
6 1707727816 0.000000 1 0.000000 0.000000 0.000000
7 1707727816 0.000000 1 0.000000 0.000000 0.000000
4 1707727817 9.000000 1 9.000000 9.000000 9.000000
5 1707727817 0.000000 1 0.000000 0.000000 0.000000
6 1707727817 0.000000 1 0.000000 0.000000 0.000000
7 1707727817 0.000000 1 0.000000 0.000000 0.000000
4 1707727818 9.000000 1 9.000000 9.000000 9.000000
5 1707727818 0.000000 1 0.000000 0.000000 0.000000
6 1707727818 0.000000 1 0.000000 0.000000 0.000000
7 1707727818 0.000000 1 0.000000 0.000000 0.000000
4 1707727819 9.000000 1 9.000000 9.000000 9.000000
5 1707727819 0.000000 1 0.000000 0.000000 0.000000
6 1707727819 0.000000 1 0.000000 0.000000 0.000000
7 1707727819 0.000000 1 0.000000 0.000000 0.000000
4 1707727820 9.000000 1 9.000000 9.000000 9.000000
5 1707727820 0.000000 1 0.000000 0.000000 0.000000
6 1707727820 0.000000 1 0.000000 0.000000 0.000000
7 1707727820 0.000000 1 0.000000 0.000000 0.000000
4 1707727821 9.000000 1 9.000000 9.000000 9.000000
5 1707727821 0.000000 1 0.000000 0.000000 0.000000
6 1707727821 0.000000 1 0.000000 0.000000 0.000000
7 1707727821 0.000000 1 0.000000 0.000000 0.000000
4 1707727822 9.000000 1 9.000000 9.000000 9.000000
5 1707727822 0.000000 1 0.000000 0.000000 0.000000
6 1707727822 0.000000 1 0.000000 0.000000 0.000000
7 1707727822 0.000000 1 0.000000 0.000000 0.000000
4 1707727823 9.000000 1 9.000000 9.000000 9.000000
5 1707727823 0.000000 1 0.000000 0.000000 0.000000
6 1707727823 0.000000 1 0.000000 0.000000 0.000000
7 1707727823 0.000000 1 0.000000 0.000000 0.000000
4 1707727824 9.000000 1 9.000000 9.000000 9.000000
5 1707727824 0.000000 1 0.000000 0.000000 0.000000
6 1707727824 0.000000 1 0.000000 0.000000 0.000000
7 1707727824 0.000000 1 0.000000 0.000000 0.000000
4 1707727825 9.000000 1 9.000000 9.000000 9.000000
5 1707727825 0.000000 1 0.000000 0.000000 0.000000
6 1707727825 0.000000 1 0.000000 0.000000 0.000000
7 1707727825 0.000000 1 0.000000 0.000000 0.000000
4 1707727826 9.000000 1 9.000000 9.000000 9.000000
5 1707727826 0.000000 1 0.000000 0.000000 0.000000
6 1707727826 0.000000 1 0.000000 0.000000 0.000000
7 1707727826 0.000000 1 0.000000 0.000000 0.000000
4 1707727827 9.000000 1 9.000000 9.000000 9.000000
5 1707727827 0.000000 1 0.000000 0.000000 0.000000
6 1707727827 0.000000 1 0.000000 0.000000 0.000000
7 1707727827 0.000000 1 0.000000 0.000000 0.000000
4 1707727828 9.000000 1 9.000000 9.000000 9.000000
5 1707727828 0.000000 1 0.000000 0.000000 0.000000
6 1707727828 0.000000 1 0.000000 0.000000 0.000000
7 1707727828 0.000000 1 0.000000 0.000000 0.000000
4 1707727829 9.000000 1 9.000000 9.000000 9.000000
5 1707727829 0.000000 1 0.000000 0.000000 0.000000
6 1707727829 0.000000 1 0.000000 0.000000 0.000000
7 1707727829 0.000000 1 0.000000 0.000000 0.000000
4 1707727830 9.000000 1 9.000000 9.000000 9.000000
5 1707727830 0.000000 1 0.000000 0.000000 0.000000
6 1707727830 0.000000 1 0.000000 0.000000 0.000000
7 1707727830 0.000000 1 0.000000 0.000000 0.000000
4 1707727831 9.000000 1 9.000000 9.000000 9.000000
5 1707727831 0.000000 1 0.000000 0.000000 0.000000
6 1707727831 0.000000 1 0.000000 0.000000 0.000000
7 1707727831 0.000000 1 0.000000 0.000000 0.000000
4 1707727832 9.000000 1 9.000000 9.000000 9.000000
5 1707727832 0.000000 1 0.000000 0.000000 0.000000
6 1707727832 0.000000 1 0.000000 0.000000 0.000000
7 1707727832 0.000000 1 0.000000 0.000000 0.000000
4 1707727833 9.000000 1 9.000000 9.000000 9.000000
5 1707727833 0.000000 1 0.000000 0.000000 0.000000
6 1707727833 0.000000 1 0.000000 0.000000 0.000000
7 1707727833 0.000000 1 0.000000 0.000000 0.000000
4 1707727834 9.000000 1 9.000000 9.000000 9.000000
5 1707727834 0.000000 1 0.000000 0.000000 0.000000
6 1707727834 0.000000 1 0.000000 0.000000 0.000000
7 1707727834 0.000000 1 0.000000 0.000000 0.000000
4 1707727835 9.000000 1 9.000000 9.000000 9.000000
5 1707727835 0.000000 1 0.000000 0.000000 0.000000
6 1707727835 0.000000 1 0.000000 0.000000 0.000000
7 1707727835 0.000000 1 0.000000 0.000000 0.000000
4 1707727836 9.000000 1 9.000000 9.000000 9.000000
5 1707727836 0.000000 1 0.000000 0.000000 0.000000
6 1707727836 0.000000 1 0.000000 0.000000 0.000000
7 1707727836 0.000000 1 0.000000 0.000000 0.000000
4 1707727837 9.000000 1 9.000000 9.000000 9.000000
5 1707727837 0.000000 1 0.000000 0.000000 0.000000
6 1707727837 0.000000 1 0.000000 0.000000 0.000000
7 1707727837 0.000000 1 0.000000 0.000000 0.000000
4 1707727838 9.000000 1 9.000000 9.000000 9.000000
5 1707727838 0.000000 1 0.000000 0.000000 0.000000
6 1707727838 0.000000 1 0.000000 0.000000 0.000000
7 1707727838 0.000000 1 0.000000 0.000000 0.000000
4 1707727839 9.000000 1 9.000000 9.000000 9.000000
5 1707727839 0.000000 1 0.000000 0.000000 0.000000
6 1707727839 0.000000 1 0.000000 0.000000 0.000000
7 1707727839 0.000000 1 0.000000 0.000000 0.000000
4 1707727840 9.000000 1 9.000000 9.000000 9.000000
5 1707727840 0.000000 1 0.000000 0.000000 0.000000
6 1707727840 0.000000 1 0.000000 0.000000 0.000000
7 1707727840 0.000000 1 0.000000 0.000000 0.000000
4 1707727842 9.000000 1 9.000000 9.000000 9.000000
5 1707727842 0.000000 1 0.000000 0.000000 0.000000
6 1707727842 0.000000 1 0.000000 0.000000 0.000000
7 1707727842 0.000000 1 0.000000 0.000000 0.000000
4 1707727843 9.000000 1 9.000000 9.000000 9.000000
5 1707727843 0.000000 1 0.000000 0.000000 0.000000
6 1707727843 0.000000 1 0.000000 0.000000 0.000000
7 1707727843 0.000000 1 0.000000 0.000000 0.000000
4 1707727844 9.000000 1 9.000000 9.000000 9.000000
5 1707727844 0.000000 1 0.000000 0.000000 0.000000
6 1707727844 0.000000 1 0.000000 0.000000 0.000000
7 1707727844 0.000000 1 0.000000 0.000000 0.000000
4 1707727845 9.000000 1 9.000000 9.000000 9.000000
5 1707727845 0.000000 1 0.000000 0.000000 0.000000
6 1707727845 0.000000 1 0.000000 0.000000 0.000000
7 1707727845 0.000000 1 0.000000 0.000000 0.000000
4 1707727846 9.000000 1 9.000000 9.000000 9.000000
5 1707727846 0.000000 1 0.000000 0.000000 0.000000
6 1707727846 0.000000 1 0.000000 0.000000 0.000000
7 1707727846 0.000000 1 0.000000 0.000000 0.000000
4 1707727847 9.000000 1 9.000000 9.000000 9.000000
5 1707727847 0.000000 1 0.000000 0.000000 0.000000
6 1707727847 0.000000 1 0.000000 0.000000 0.000000
7 1707727847 0.000000 1 0.000000 0.000000 0.000000
4 1707727848 9.000000 1 9.000000 9.000000 9.000000
5 1707727848 0.000000 1 0.000000 0.000000 0.000000
6 1707727848 0.000000 1 0.000000 0.000000 0.000000
7 1707727848 0.000000 1 0.000000 0.000000 0.000000
4 1707727849 9.000000 1 9.000000 9.000000 9.000000
5 1707727849 0.000000 1 0.000000 0.000000 0.000000
6 1707727849 0.000000 1 0.000000 0.000000 0.000000
7 1707727849 0.000000 1 0.000000 0.000000 0.000000
4 1707727850 9.000000 1 9.000000 9.000000 9.000000
5 1707727850 0.000000 1 0.000000 0.000000 0.000000
6 1707727850 0.000000 1 0.000000 0.000000 0.000000
7 1707727850 0.000000 1 0.000000 0.000000 0.000000
4 1707727851 9.000000 1 9.000000 9.000000 9.000000
5 1707727851 0.000000 1 0.000000 0.000000 0.000000
6 1707727851 0.000000 1 0.000000 0.000000 0.000000
7 1707727851 0.000000 1 0.000000 0.000000 0.000000
4 1707727852 9.000000 1 9.000000 9.000000 9.000000
5 1707727852 0.000000 1 0.000000 0.000000 0.000000
6 1707727852 0.000000 1 0.000000 0.000000 0.000000
7 1707727852 0.000000 1 0.000000 0.000000 0.000000
4 1707727853 9.000000 1 9.000000 9.000000 9.000000
5 1707727853 0.000000 1 0.000000 0.000000 0.000000
6 1707727853 0.000000 1 0.000000 0.000000 0.000000
7 1707727853 0.000000 1 0.000000 0.000000 0.000000
4 1707727854 9.000000 1 9.000000 9.000000 9.000000
5 1707727854 0.000000 1 0.000000 0.000000 0.000000
6 1707727854 0.000000 1 0.000000 0.000000 0.000000
7 1707727854 0.000000 1 0.000000 0.000000 0.000000
4 1707727855 9.000000 1 9.000000 9.000000 9.000000
5 1707727855 0.000000 1 0.000000 0.000000 0.000000
6 1707727855 0.000000 1 0.000000 0.000000 0.000000
7 1707727855 0.000000 1 0.000000 0.000000 0.000000
4 1707727856 9.000000 1 9.000000 9.000000 9.000000
5 1707727856 0.000000 1 0.000000 0.000000 0.000000
6 1707727856 0.000000 1 0.000000 0.000000 0.000000
7 1707727856 0.000000 1 0.000000 0.000000 0.000000
4 1707727857 9.000000 1 9.000000 9.000000 9.000000
5 1707727857 0.000000 1 0.000000 0.000000 0.000000
6 1707727857 0.000000 1 0.000000 0.000000 0.000000
7 1707727857 0.000000 1 0.000000 0.000000 0.000000
4 1707727858 9.000000 1 9.000000 9.000000 9.000000
5 1707727858 0.000000 1 0.000000 0.000000 0.000000
6 1707727858 0.000000 1 0.000000 0.000000 0.000000
7 1707727858 0.000000 1 0.000000 0.000000 0.000000
4 1707727859 9.000000 1 9.000000 9.000000 9.000000
5 1707727859 0.000000 1 0.000000 0.000000 0.000000
6 1707727859 0.000000 1 0.000000 0.000000 0.000000
7 1707727859 0.000000 1 0.000000 0.000000 0.000000
4 1707727860 9.000000 1 9.000000 9.000000 9.000000
5 1707727860 0.000000 1 0.000000 0.000000 0.000000
6 1707727860 0.000000 1 0.000000 0.000000 0.000000
7 1707727860 0.000000 1 0.000000 0.000000 0.000000
4 1707727861 9.000000 1 9.000000 9.000000 9.000000
5 1707727861 0.000000 1 0.000000 0.000000 0.000000
6 1707727861 0.000000 1 0.000000 0.000000 0.000000
7 1707727861 0.000000 1 0.000000 0.000000 0.000000
4 1707727862 9.000000 1 9.000000 9.000000 9.000000
5 1707727862 0.000000 1 0.000000 0.000000 0.000000
6 1707727862 0.000000 1 0.000000 0.000000 0.000000
7 1707727862 0.000000 1 0.000000 0.000000 0.000000
4 1707727863 9.000000 1 9.000000 9.000000 9.000000
5 1707727863 0.000000 1 0.000000 0.000000 0.000000
6 1707727863 0.000000 1 0.000000 0.000000 0.000000
7 1707727863 0.000000 1 0.000000 0.000000 0.000000
4 1707727864 9.000000 1 9.000000 9.000000 9.000000
5 1707727864 0.000000 1 0.000000 0.000000 0.000000
6 1707727864 0.000000 1 0.000000 0.000000 0.000000
7 1707727864 0.000000 1 0.000000 0.000000 0.000000
4 1707727865 9.000000 1 9.000000 9.000000 9.000000
5 1707727865 0.000000 1 0.000000 0.000000 0.000000
6 1707727865 0.000000 1 0.000000 0.000000 0.000000
7 1707727865 0.000000 1 0.000000 0.000000 0.000000
4 1707727866 9.000000 1 9.000000 9.000000 9.000000
5 1707727866 0.000000 1 0.000000 0.000000 0.000000
6 1707727866 0.000000 1 0.000000 0.000000 0.000000
7 1707727866 0.000000 1 0.000000 0.000000 0.000000
4 1707727867 9.000000 1 9.000000 9.000000 9.000000
5 1707727867 0.000000 1 0.000000 0.000000 0.000000
6 1707727867 0.000000 1 0.000000 0.000000 0.000000
7 1707727867 0.000000 1 0.000000 0.000000 0.000000
4 1707727868 9.000000 1 9.000000 9.000000 9.000000
5 1707727868 0.000000 1 0.000000 0.000000 0.000000
6 1707727868 0.000000 1 0.000000 0.000000 0.000000
7 1707727868 0.000000 1 0.000000 0.000000 0.000000
4 1707727869 9.000000 1 9.000000 9.000000 9.000000
5 1707727869 0.000000 1 0.000000 0.000000 0.000000
6 1707727869 0.000000 1 0.000000 0.000000 0.000000
7 1707727869 0.000000 1 0.000000 0.000000 0.000000
4 1707727870 9.000000 1 9.000000 9.000000 9.000000
5 1707727870 0.000000 1 0.000000 0.000000 0.000000
6 1707727870 0.000000 1 0.000000 0.000000 0.000000
7 1707727870 0.000000 1 0.000000 0.000000 0.000000
4 1707727871 9.000000 1 9.000000 9.000000 9.000000
5 1707727871 0.000000 1 0.000000 0.000000 0.000000
6 1707727871 0.000000 1 0.000000 0.000000 0.000000
7 1707727871 0.000000 1 0.000000 0.000000 0.000000
4 1707727872 9.000000 1 9.000000 9.000000 9.000000
5 1707727872 0.000000 1 0.000000 0.000000 0.000000
6 1707727872 0.000000 1 0.000000 0.000000 0.000000
7 1707727872 0.000000 1 0.000000 0.000000 0.000000
4 1707727873 9.000000 1 9.000000 9.000000 9.000000
5 1707727873 0.000000 1 0.000000 0.000000 0.000000
6 1707727873 0.000000 1 0.000000 0.000000 0.000000
7 1707727873 0.000000 1 0.000000 0.000000 0.000000
4 1707727874 9.000000 1 9.000000 9.000000 9.000000
5 1707727874 0.000000 1 0.000000 0.000000 0.000000
6 1707727874 0.000000 1 0.000000 0.000000 0.000000
7 1707727874 0.000000 1 0.000000 0.000000 0.000000
4 1707727875 9.000000 1 9.000000 9.000000 9.000000
5 1707727875 0.000000 1 0.000000 0.000000 0.000000
6 1707727875 0.000000 1 0.000000 0.000000 0.000000
7 1707727875 0.000000 1 0.000000 0.000000 0.000000
4 1707727876 9.000000 1 9.000000 9.000000 9.000000
5 1707727876 0.000000 1 0.000000 0.000000 0.000000
6 1707727876 0.000000 1 0.000000 0.000000 0.000000
7 1707727876 0.000000 1 0.000000 0.000000 0.000000
4 1707727877 9.000000 1 9.000000 9.000000 9.000000
5 1707727877 0.000000 1 0.000000 0.000000 0.000000
6 1707727877 0.000000 1 0.000000 0.000000 0.000000
7 1707727877 0.000000 1 0.000000 0.000000 0.000000
4 1707727878 9.000000 1 9.000000 9.000000 9.000000
5 1707727878 0.000000 1 0.000000 0.000000 0.000000
6 1707727878 0.000000 1 0.000000 0.000000 0.000000
7 1707727878 0.000000 1 0.000000 0.000000 0.000000
4 1707727879 9.000000 1 9.000000 9.000000 9.000000
5 1707727879 0.000000 1 0.000000 0.000000 0.000000
6 1707727879 0.000000 1 0.000000 0.000000 0.000000
7 1707727879 0.000000 1 0.000000 0.000000 0.000000
4 1707727880 9.000000 1 9.000000 9.000000 9.000000
5 1707727880 0.000000 1 0.000000 0.000000 0.000000
6 1707727880 0.000000 1 0.000000 0.000000 0.000000
7 1707727880 0.000000 1 0.000000 0.000000 0.000000
4 1707727881 9.000000 1 9.000000 9.000000 9.000000
5 1707727881 0.000000 1 0.000000 0.000000 0.000000
6 1707727881 0.000000 1 0.000000 0.000000 0.000000
7 1707727881 0.000000 1 0.000000 0.000000 0.000000
4 1707727882 9.000000 1 9.000000 9.000000 9.000000
5 1707727882 0.000000 1 0.000000 0.000000 0.000000
6 1707727882 0.000000 1 0.000000 0.000000 0.000000
7 1707727882 0.000000 1 0.000000 0.000000 0.000000
4 1707727883 9.000000 1 9.000000 9.000000 9.000000
5 1707727883 0.000000 1 0.000000 0.000000 0.000000
6 1707727883 0.000000 1 0.000000 0.000000 0.000000
7 1707727883 0.000000 1 0.000000 0.000000 0.000000
4 1707727884 9.000000 1 9.000000 9.000000 9.000000
5 1707727884 0.000000 1 0.000000 0.000000 0.000000
6 1707727884 0.000000 1 0.000000 0.000000 0.000000
7 1707727884 0.000000 1 0.000000 0.000000 0.000000
4 1707727885 9.000000 1 9.000000 9.000000 9.000000
5 1707727885 0.000000 1 0.000000 0.000000 0.000000
6 1707727885 0.000000 1 0.000000 0.000000 0.000000
7 1707727885 0.000000 1 0.000000 0.000000 0.000000
4 1707727886 9.000000 1 9.000000 9.000000 9.000000
5 1707727886 0.000000 1 0.000000 0.000000 0.000000
6 1707727886 0.000000 1 0.000000 0.000000 0.000000
7 1707727886 0.000000 1 0.000000 0.000000 0.000000
4 1707727887 9.000000 1 9.000000 9.000000 9.000000
5 1707727887 0.000000 1 0.000000 0.000000 0.000000
6 1707727887 0.000000 1 0.000000 0.000000 0.000000
7 1707727887 0.000000 1 0.000000 0.000000 0.000000
4 1707727888 9.000000 1 9.000000 9.000000 9.000000
5 1707727888 0.000000 1 0.000000 0.000000 0.000000
6 1707727888 0.000000 1 0.000000 0.000000 0.000000
7 1707727888 0.000000 1 0.000000 0.000000 0.000000
4 1707727889 9.000000 1 9.000000 9.000000 9.000000
5 1707727889 0.000000 1 0.000000 0.000000 0.000000
6 1707727889 0.000000 1 0.000000 0.000000 0.000000
7 1707727889 0.000000 1 0.000000 0.000000 0.000000
4 1707727890 9.000000 1 9.000000 9.000000 9.000000
5 1707727890 0.000000 1 0.000000 0.000000 0.000000
6 1707727890 0.000000 1 0.000000 0.000000 0.000000
7 1707727890 0.000000 1 0.000000 0.000000 0.000000
4 1707727891 9.000000 1 9.000000 9.000000 9.000000
5 1707727891 0.000000 1 0.000000 0.000000 0.000000
6 1707727891 0.000000 1 0.000000 0.000000 0.000000
7 1707727891 0.000000 1 0.000000 0.000000 0.000000
4 1707727892 9.000000 1 9.000000 9.000000 9.000000
5 1707727892 0.000000 1 0.000000 0.000000 0.000000
6 1707727892 0.000000 1 0.000000 0.000000 0.000000
7 1707727892 0.000000 1 0.000000 0.000000 0.000000
4 1707727893 9.000000 1 9.000000 9.000000 9.000000
5 1707727893 0.000000 1 0.000000 0.000000 0.000000
6 1707727893 0.000000 1 0.000000 0.000000 0.000000
7 1707727893 0.000000 1 0.000000 0.000000 0.000000
4 1707727894 9.000000 1 9.000000 9.000000 9.000000
5 1707727894 0.000000 1 0.000000 0.000000 0.000000
6 1707727894 0.000000 1 0.000000 0.000000 0.000000
7 1707727894 0.000000 1 0.000000 0.000000 0.000000
4 1707727895 9.000000 1 9.000000 9.000000 9.000000
5 1707727895 0.000000 1 0.000000 0.000000 0.000000
6 1707727895 0.000000 1 0.000000 0.000000 0.000000
7 1707727895 0.000000 1 0.000000 0.000000 0.000000
4 1707727896 9.000000 1 9.000000 9.000000 9.000000
5 1707727896 0.000000 1 0.000000 0.000000 0.000000
6 1707727896 0.000000 1 0.000000 0.000000 0.000000
7 1707727896 0.000000 1 0.000000 0.000000 0.000000
4 1707727897 9.000000 1 9.000000 9.000000 9.000000
5 1707727897 0.000000 1 0.000000 0.000000 0.000000
6 1707727897 0.000000 1 0.000000 0.000000 0.000000
7 1707727897 0.000000 1 0.000000 0.000000 0.000000
4 1707727898 9.000000 1 9.000000 9.000000 9.000000
5 1707727898 0.000000 1 0.000000 0.000000 0.000000
6 1707727898 0.000000 1 0.000000 0.000000 0.000000
7 1707727898 0.000000 1 0.000000 0.000000 0.000000
4 1707727899 9.000000 1 9.000000 9.000000 9.000000
5 1707727899 0.000000 1 0.000000 0.000000 0.000000
6 1707727899 0.000000 1 0.000000 0.000000 0.000000
7 1707727899 0.000000 1 0.000000 0.000000 0.000000
4 1707727900 9.000000 1 9.000000 9.000000 9.000000
5 1707727900 0.000000 1 0.000000 0.000000 0.000000
6 1707727900 0.000000 1 0.000000 0.000000 0.000000
7 1707727900 0.000000 1 0.000000 0.000000 0.000000
4 1707727901 9.000000 1 9.000000 9.000000 9.000000
5 1707727901 0.000000 1 0.000000 0.000000 0.000000
6 1707727901 0.000000 1 0.000000 0.000000 0.000000
7 1707727901 0.000000 1 0.000000 0.000000 0.000000
4 1707727902 9.000000 1 9.000000 9.000000 9.000000
5 1707727902 0.000000 1 0.000000 0.000000 0.000000
6 1707727902 0.000000 1 0.000000 0.000000 0.000000
7 1707727902 0.000000 1 0.000000 0.000000 0.000000
4 1707727903 9.000000 1 9.000000 9.000000 9.000000
5 1707727903 0.000000 1 0.000000 0.000000 0.000000
6 1707727903 0.000000 1 0.000000 0.000000 0.000000
7 1707727903 0.000000 1 0.000000 0.000000 0.000000
4 1707727904 9.000000 1 9.000000 9.000000 9.000000
5 1707727904 0.000000 1 0.000000 0.000000 0.000000
6 1707727904 0.000000 1 0.000000 0.000000 0.000000
7 1707727904 0.000000 1 0.000000 0.000000 0.000000
4 1707727906 9.000000 1 9.000000 9.000000 9.000000
5 1707727906 0.000000 1 0.000000 0.000000 0.000000
6 1707727906 0.000000 1 0.000000 0.000000 0.000000
7 1707727906 0.000000 1 0.000000 0.000000 0.000000
4 1707727907 9.000000 1 9.000000 9.000000 9.000000
5 1707727907 0.000000 1 0.000000 0.000000 0.000000
6 1707727907 0.000000 1 0.000000 0.000000 0.000000
7 1707727907 0.000000 1 0.000000 0.000000 0.000000
4 1707727908 9.000000 1 9.000000 9.000000 9.000000
5 1707727908 0.000000 1 0.000000 0.000000 0.000000
6 1707727908 0.000000 1 0.000000 0.000000 0.000000
7 1707727908 0.000000 1 0.000000 0.000000 0.000000
4 1707727909 9.000000 1 9.000000 9.000000 9.000000
5 1707727909 0.000000 1 0.000000 0.000000 0.000000
6 1707727909 0.000000 1 0.000000 0.000000 0.000000
7 1707727909 0.000000 1 0.000000 0.000000 0.000000
4 1707727910 9.000000 1 9.000000 9.000000 9.000000
5 1707727910 0.000000 1 0.000000 0.000000 0.000000
6 1707727910 0.000000 1 0.000000 0.000000 0.000000
7 1707727910 0.000000 1 0.000000 0.000000 0.000000
4 1707727911 9.000000 1 9.000000 9.000000 9.000000
5 1707727911 0.000000 1 0.000000 0.000000 0.000000
6 1707727911 0.000000 1 0.000000 0.000000 0.000000
7 1707727911 0.000000 1 0.000000 0.000000 0.000000
4 1707727912 9.000000 1 9.000000 9.000000 9.000000
5 1707727912 0.000000 1 0.000000 0.000000 0.000000
6 1707727912 0.000000 1 0.000000 0.000000 0.000000
7 1707727912 0.000000 1 0.000000 0.000000 0.000000
4 1707727913 9.000000 1 9.000000 9.000000 9.000000
5 1707727913 0.000000 1 0.000000 0.000000 0.000000
6 1707727913 0.000000 1 0.000000 0.000000 0.000000
7 1707727913 0.000000 1 0.000000 0.000000 0.000000
4 1707727914 9.000000 1 9.000000 9.000000 9.000000
5 1707727914 0.000000 1 0.000000 0.000000 0.000000
6 1707727914 0.000000 1 0.000000 0.000000 0.000000
7 1707727914 0.000000 1 0.000000 0.000000 0.000000
4 1707727915 9.000000 1 9.000000 9.000000 9.000000
5 1707727915 0.000000 1 0.000000 0.000000 0.000000
6 1707727915 0.000000 1 0.000000 0.000000 0.000000
7 1707727915 0.000000 1 0.000000 0.000000 0.000000
4 1707727916 9.000000 1 9.000000 9.000000 9.000000
5 1707727916 0.000000 1 0.000000 0.000000 0.000000
6 1707727916 0.000000 1 0.000000 0.000000 0.000000
7 1707727916 0.000000 1 0.000000 0.000000 0.000000
4 1707727917 9.000000 1 9.000000 9.000000 9.000000
5 1707727917 0.000000 1 0.000000 0.000000 0.000000
6 1707727917 0.000000 1 0.000000 0.000000 0.000000
7 1707727917 0.000000 1 0.000000 0.000000 0.000000
4 1707727918 9.000000 1 9.000000 9.000000 9.000000
5 1707727918 0.000000 1 0.000000 0.000000 0.000000
6 1707727918 0.000000 1 0.000000 0.000000 0.000000
7 1707727918 0.000000 1 0.000000 0.000000 0.000000
4 1707727919 9.000000 1 9.000000 9.000000 9.000000
5 1707727919 0.000000 1 0.000000 0.000000 0.000000
6 1707727919 0.000000 1 0.000000 0.000000 0.000000
7 1707727919 0.000000 1 0.000000 0.000000 0.000000
4 1707727920 9.000000 1 9.000000 9.000000 9.000000
5 1707727920 0.000000 1 0.000000 0.000000 0.000000
6 1707727920 0.000000 1 0.000000 0.000000 0.000000
7 1707727920 0.000000 1 0.000000 0.000000 0.000000
4 1707727921 9.000000 1 9.000000 9.000000 9.000000
5 1707727921 0.000000 1 0.000000 0.000000 0.000000
6 1707727921 0.000000 1 0.000000 0.000000 0.000000
7 1707727921 0.000000 1 0.000000 0.000000 0.000000
4 1707727922 9.000000 1 9.000000 9.000000 9.000000
5 1707727922 0.000000 1 0.000000 0.000000 0.000000
6 1707727922 0.000000 1 0.000000 0.000000 0.000000
7 1707727922 0.000000 1 0.000000 0.000000 0.000000
4 1707727923 9.000000 1 9.000000 9.000000 9.000000
5 1707727923 0.000000 1 0.000000 0.000000 0.000000
6 1707727923 0.000000 1 0.000000 0.000000 0.000000
7 1707727923 0.000000 1 0.000000 0.000000 0.000000
4 1707727924 9.000000 1 9.000000 9.000000 9.000000
5 1707727924 0.000000 1 0.000000 0.000000 0.000000
6 1707727924 0.000000 1 0.000000 0.000000 0.000000
7 1707727924 0.000000 1 0.000000 0.000000 0.000000
4 1707727925 9.000000 1 9.000000 9.000000 9.000000
5 1707727925 0.000000 1 0.000000 0.000000 0.000000
6 1707727925 0.000000 1 0.000000 0.000000 0.000000
7 1707727925 0.000000 1 0.000000 0.000000 0.000000
4 1707727926 9.000000 1 9.000000 9.000000 9.000000
5 1707727926 0.000000 1 0.000000 0.000000 0.000000
6 1707727926 0.000000 1 0.000000 0.000000 0.000000
7 1707727926 0.000000 1 0.000000 0.000000 0.000000
4 1707727927 9.000000 1 9.000000 9.000000 9.000000
5 1707727927 0.000000 1 0.000000 0.000000 0.000000
6 1707727927 0.000000 1 0.000000 0.000000 0.000000
7 1707727927 0.000000 1 0.000000 0.000000 0.000000
4 1707727928 9.000000 1 9.000000 9.000000 9.000000
5 1707727928 0.000000 1 0.000000 0.000000 0.000000
6 1707727928 0.000000 1 0.000000 0.000000 0.000000
7 1707727928 0.000000 1 0.000000 0.000000 0.000000
4 1707727929 9.000000 1 9.000000 9.000000 9.000000
5 1707727929 0.000000 1 0.000000 0.000000 0.000000
6 1707727929 0.000000 1 0.000000 0.000000 0.000000
7 1707727929 0.000000 1 0.000000 0.000000 0.000000
4 1707727930 9.000000 1 9.000000 9.000000 9.000000
5 1707727930 0.000000 1 0.000000 0.000000 0.000000
6 1707727930 0.000000 1 0.000000 0.000000 0.000000
7 1707727930 0.000000 1 0.000000 0.000000 0.000000
4 1707727931 9.000000 1 9.000000 9.000000 9.000000
5 1707727931 0.000000 1 0.000000 0.000000 0.000000
6 1707727931 0.000000 1 0.000000 0.000000 0.000000
7 1707727931 0.000000 1 0.000000 0.000000 0.000000
4 1707727932 9.000000 1 9.000000 9.000000 9.000000
5 1707727932 0.000000 1 0.000000 0.000000 0.000000
6 1707727932 0.000000 1 0.000000 0.000000 0.000000
7 1707727932 0.000000 1 0.000000 0.000000 0.000000
4 1707727933 9.000000 1 9.000000 9.000000 9.000000
5 1707727933 0.000000 1 0.000000 0.000000 0.000000
6 1707727933 0.000000 1 0.000000 0.000000 0.000000
7 1707727933 0.000000 1 0.000000 0.000000 0.000000
4 1707727934 9.000000 1 9.000000 9.000000 9.000000
5 1707727934 0.000000 1 0.000000 0.000000 0.000000
6 1707727934 0.000000 1 0.000000 0.000000 0.000000
7 1707727934 0.000000 1 0.000000 0.000000 0.000000
4 1707727935 9.000000 1 9.000000 9.000000 9.000000
5 1707727935 0.000000 1 0.000000 0.000000 0.000000
6 1707727935 0.000000 1 0.000000 0.000000 0.000000
7 1707727935 0.000000 1 0.000000 0.000000 0.000000
4 1707727936 9.000000 1 9.000000 9.000000 9.000000
5 1707727936 0.000000 1 0.000000 0.000000 0.000000
6 1707727936 0.000000 1 0.000000 0.000000 0.000000
7 1707727936 0.000000 1 0.000000 0.000000 0.000000
4 1707727937 9.000000 1 9.000000 9.000000 9.000000
5 1707727937 0.000000 1 0.000000 0.000000 0.000000
6 1707727937 0.000000 1 0.000000 0.000000 0.000000
7 1707727937 0.000000 1 0.000000 0.000000 0.000000
4 1707727938 9.000000 1 9.000000 9.000000 9.000000
5 1707727938 0.000000 1 0.000000 0.000000 0.000000
6 1707727938 0.000000 1 0.000000 0.000000 0.000000
7 1707727938 0.000000 1 0.000000 0.000000 0.000000
4 1707727939 9.000000 1 9.000000 9.000000 9.000000
5 1707727939 0.000000 1 0.000000 0.000000 0.000000
6 1707727939 0.000000 1 0.000000 0.000000 0.000000
7 1707727939 0.000000 1 0.000000 0.000000 0.000000
4 1707727940 9.000000 1 9.000000 9.000000 9.000000
5 1707727940 0.000000 1 0.000000 0.000000 0.000000
6 1707727940 0.000000 1 0.000000 0.000000 0.000000
7 1707727940 0.000000 1 0.000000 0.000000 0.000000
4 1707727941 9.000000 1 9.000000 9.000000 9.000000
5 1707727941 0.000000 1 0.000000 0.000000 0.000000
6 1707727941 0.000000 1 0.000000 0.000000 0.000000
7 1707727941 0.000000 1 0.000000 0.000000 0.000000
4 1707727942 9.000000 1 9.000000 9.000000 9.000000
5 1707727942 0.000000 1 0.000000 0.000000 0.000000
6 1707727942 0.000000 1 0.000000 0.000000 0.000000
7 1707727942 0.000000 1 0.000000 0.000000 0.000000
4 1707727943 9.000000 1 9.000000 9.000000 9.000000
5 1707727943 0.000000 1 0.000000 0.000000 0.000000
6 1707727943 0.000000 1 0.000000 0.000000 0.000000
7 1707727943 0.000000 1 0.000000 0.000000 0.000000
4 1707727944 9.000000 1 9.000000 9.000000 9.000000
5 1707727944 0.000000 1 0.000000 0.000000 0.000000
6 1707727944 0.000000 1 0.000000 0.000000 0.000000
7 1707727944 0.000000 1 0.000000 0.000000 0.000000
4 1707727945 9.000000 1 9.000000 9.000000 9.000000
5 1707727945 0.000000 1 0.000000 0.000000 0.000000
6 1707727945 0.000000 1 0.000000 0.000000 0.000000
7 1707727945 0.000000 1 0.000000 0.000000 0.000000
4 1707727946 9.000000 1 9.000000 9.000000 9.000000
5 1707727946 0.000000 1 0.000000 0.000000 0.000000
6 1707727946 0.000000 1 0.000000 0.000000 0.000000
7 1707727946 0.000000 1 0.000000 0.000000 0.000000
4 1707727947 9.000000 1 9.000000 9.000000 9.000000
5 1707727947 0.000000 1 0.000000 0.000000 0.000000
6 1707727947 0.000000 1 0.000000 0.000000 0.000000
7 1707727947 0.000000 1 0.000000 0.000000 0.000000
4 1707727948 9.000000 1 9.000000 9.000000 9.000000
5 1707727948 0.000000 1 0.000000 0.000000 0.000000
6 1707727948 0.000000 1 0.000000 0.000000 0.000000
7 1707727948 0.000000 1 0.000000 0.000000 0.000000
4 1707727949 9.000000 1 9.000000 9.000000 9.000000
5 1707727949 0.000000 1 0.000000 0.000000 0.000000
6 1707727949 0.000000 1 0.000000 0.000000 0.000000
7 1707727949 0.000000 1 0.000000 0.000000 0.000000
4 1707727950 9.000000 1 9.000000 9.000000 9.000000
5 1707727950 0.000000 1 0.000000 0.000000 0.000000
6 1707727950 0.000000 1 0.000000 0.000000 0.000000
7 1707727950 0.000000 1 0.000000 0.000000 0.000000
4 1707727951 9.000000 1 9.000000 9.000000 9.000000
5 1707727951 0.000000 1 0.000000 0.000000 0.000000
6 1707727951 0.000000 1 0.000000 0.000000 0.000000
7 1707727951 0.000000 1 0.000000 0.000000 0.000000
4 1707727952 9.000000 1 9.000000 9.000000 9.000000
5 1707727952 0.000000 1 0.000000 0.000000 0.000000
6 1707727952 0.000000 1 0.000000 0.000000 0.000000
7 1707727952 0.000000 1 0.000000 0.000000 0.000000
4 1707727953 9.000000 1 9.000000 9.000000 9.000000
5 1707727953 0.000000 1 0.000000 0.000000 0.000000
6 1707727953 0.000000 1 0.000000 0.000000 0.000000
7 1707727953 0.000000 1 0.000000 0.000000 0.000000
4 1707727954 9.000000 1 9.000000 9.000000 9.000000
5 1707727954 0.000000 1 0.000000 0.000000 0.000000
6 1707727954 0.000000 1 0.000000 0.000000 0.000000
7 1707727954 0.000000 1 0.000000 0.000000 0.000000
4 1707727955 9.000000 1 9.000000 9.000000 9.000000
5 1707727955 0.000000 1 0.000000 0.000000 0.000000
6 1707727955 0.000000 1 0.000000 0.000000 0.000000
7 1707727955 0.000000 1 0.000000 0.000000 0.000000
4 1707727956 9.000000 1 9.000000 9.000000 9.000000
5 1707727956 0.000000 1 0.000000 0.000000 0.000000
6 1707727956 0.000000 1 0.000000 0.000000 0.000000
7 1707727956 0.000000 1 0.000000 0.000000 0.000000
4 1707727957 9.000000 1 9.000000 9.000000 9.000000
5 1707727957 0.000000 1 0.000000 0.000000 0.000000
6 1707727957 0.000000 1 0.000000 0.000000 0.000000
7 1707727957 0.000000 1 0.000000 0.000000 0.000000
4 1707727958 9.000000 1 9.000000 9.000000 9.000000
5 1707727958 0.000000 1 0.000000 0.000000 0.000000
6 1707727958 0.000000 1 0.000000 0.000000 0.000000
7 1707727958 0.000000 1 0.000000 0.000000 0.000000
4 1707727959 9.000000 1 9.000000 9.000000 9.000000
5 1707727959 0.000000 1 0.000000 0.000000 0.000000
6 1707727959 0.000000 1 0.000000 0.000000 0.000000
7 1707727959 0.000000 1 0.000000 0.000000 0.000000
4 1707727960 9.000000 1 9.000000 9.000000 9.000000
5 1707727960 0.000000 1 0.000000 0.000000 0.000000
6 1707727960 0.000000 1 0.000000 0.000000 0.000000
7 1707727960 0.000000 1 0.000000 0.000000 0.000000
4 1707727961 9.000000 1 9.000000 9.000000 9.000000
5 1707727961 0.000000 1 0.000000 0.000000 0.000000
6 1707727961 0.000000 1 0.000000 0.000000 0.000000
7 1707727961 0.000000 1 0.000000 0.000000 0.000000
4 1707727962 9.000000 1 9.000000 9.000000 9.000000
5 1707727962 0.000000 1 0.000000 0.000000 0.000000
6 1707727962 0.000000 1 0.000000 0.000000 0.000000
7 1707727962 0.000000 1 0.000000 0.000000 0.000000
4 1707727963 9.000000 1 9.000000 9.000000 9.000000
5 1707727963 0.000000 1 0.000000 0.000000 0.000000
6 1707727963 0.000000 1 0.000000 0.000000 0.000000
7 1707727963 0.000000 1 0.000000 0.000000 0.000000
4 1707727964 9.000000 1 9.000000 9.000000 9.000000
5 1707727964 0.000000 1 0.000000 0.000000 0.000000
6 1707727964 0.000000 1 0.000000 0.000000 0.000000
7 1707727964 0.000000 1 0.000000 0.000000 0.000000
4 1707727965 9.000000 1 9.000000 9.000000 9.000000
5 1707727965 0.000000 1 0.000000 0.000000 0.000000
6 1707727965 0.000000 1 0.000000 0.000000 0.000000
7 1707727965 0.000000 1 0.000000 0.000000 0.000000
4 1707727966 9.000000 1 9.000000 9.000000 9.000000
5 1707727966 0.000000 1 0.000000 0.000000 0.000000
6 1707727966 0.000000 1 0.000000 0.000000 0.000000
7 1707727966 0.000000 1 0.000000 0.000000 0.000000
4 1707727967 9.000000 1 9.000000 9.000000 9.000000
5 1707727967 0.000000 1 0.000000 0.000000 0.000000
6 1707727967 0.000000 1 0.000000 0.000000 0.000000
7 1707727967 0.000000 1 0.000000 0.000000 0.000000
4 1707727968 9.000000 1 9.000000 9.000000 9.000000
5 1707727968 0.000000 1 0.000000 0.000000 0.000000
6 1707727968 0.000000 1 0.000000 0.000000 0.000000
7 1707727968 0.000000 1 0.000000 0.000000 0.000000
4 1707727970 9.000000 1 9.000000 9.000000 9.000000
5 1707727970 0.000000 1 0.000000 0.000000 0.000000
6 1707727970 0.000000 1 0.000000 0.000000 0.000000
7 1707727970 0.000000 1 0.000000 0.000000 0.000000
4 1707727971 9.000000 1 9.000000 9.000000 9.000000
5 1707727971 0.000000 1 0.000000 0.000000 0.000000
6 1707727971 0.000000 1 0.000000 0.000000 0.000000
7 1707727971 0.000000 1 0.000000 0.000000 0.000000
4 1707727972 9.000000 1 9.000000 9.000000 9.000000
5 1707727972 0.000000 1 0.000000 0.000000 0.000000
6 1707727972 0.000000 1 0.000000 0.000000 0.000000
7 1707727972 0.000000 1 0.000000 0.000000 0.000000
4 1707727973 9.000000 1 9.000000 9.000000 9.000000
5 1707727973 0.000000 1 0.000000 0.000000 0.000000
6 1707727973 0.000000 1 0.000000 0.000000 0.000000
7 1707727973 0.000000 1 0.000000 0.000000 0.000000
4 1707727974 9.000000 1 9.000000 9.000000 9.000000
5 1707727974 0.000000 1 0.000000 0.000000 0.000000
6 1707727974 0.000000 1 0.000000 0.000000 0.000000
7 1707727974 0.000000 1 0.000000 0.000000 0.000000
4 1707727975 9.000000 1 9.000000 9.000000 9.000000
5 1707727975 0.000000 1 0.000000 0.000000 0.000000
6 1707727975 0.000000 1 0.000000 0.000000 0.000000
7 1707727975 0.000000 1 0.000000 0.000000 0.000000
4 1707727976 9.000000 1 9.000000 9.000000 9.000000
5 1707727976 0.000000 1 0.000000 0.000000 0.000000
6 1707727976 0.000000 1 0.000000 0.000000 0.000000
7 1707727976 0.000000 1 0.000000 0.000000 0.000000
4 1707727977 9.000000 1 9.000000 9.000000 9.000000
5 1707727977 0.000000 1 0.000000 0.000000 0.000000
6 1707727977 0.000000 1 0.000000 0.000000 0.000000
7 1707727977 0.000000 1 0.000000 0.000000 0.000000
4 1707727978 9.000000 1 9.000000 9.000000 9.000000
5 1707727978 0.000000 1 0.000000 0.000000 0.000000
6 1707727978 0.000000 1 0.000000 0.000000 0.000000
7 1707727978 0.000000 1 0.000000 0.000000 0.000000
4 1707727979 9.000000 1 9.000000 9.000000 9.000000
5 1707727979 0.000000 1 0.000000 0.000000 0.000000
6 1707727979 0.000000 1 0.000000 0.000000 0.000000
7 1707727979 0.000000 1 0.000000 0.000000 0.000000
4 1707727980 9.000000 1 9.000000 9.000000 9.000000
5 1707727980 0.000000 1 0.000000 0.000000 0.000000
6 1707727980 0.000000 1 0.000000 0.000000 0.000000
7 1707727980 0.000000 1 0.000000 0.000000 0.000000
4 1707727981 9.000000 1 9.000000 9.000000 9.000000
5 1707727981 0.000000 1 0.000000 0.000000 0.000000
6 1707727981 0.000000 1 0.000000 0.000000 0.000000
7 1707727981 0.000000 1 0.000000 0.000000 0.000000
4 1707727982 9.000000 1 9.000000 9.000000 9.000000
5 1707727982 0.000000 1 0.000000 0.000000 0.000000
6 1707727982 0.000000 1 0.000000 0.000000 0.000000
7 1707727982 0.000000 1 0.000000 0.000000 0.000000
4 1707727983 9.000000 1 9.000000 9.000000 9.000000
5 1707727983 0.000000 1 0.000000 0.000000 0.000000
6 1707727983 0.000000 1 0.000000 0.000000 0.000000
7 1707727983 0.000000 1 0.000000 0.000000 0.000000
4 1707727984 9.000000 1 9.000000 9.000000 9.000000
5 1707727984 0.000000 1 0.000000 0.000000 0.000000
6 1707727984 0.000000 1 0.000000 0.000000 0.000000
7 1707727984 0.000000 1 0.000000 0.000000 0.000000
4 1707727985 9.000000 1 9.000000 9.000000 9.000000
5 1707727985 0.000000 1 0.000000 0.000000 0.000000
6 1707727985 0.000000 1 0.000000 0.000000 0.000000
7 1707727985 0.000000 1 0.000000 0.000000 0.000000
4 1707727986 9.000000 1 9.000000 9.000000 9.000000
5 1707727986 0.000000 1 0.000000 0.000000 0.000000
6 1707727986 0.000000 1 0.000000 0.000000 0.000000
7 1707727986 0.000000 1 0.000000 0.000000 0.000000
4 1707727987 9.000000 1 9.000000 9.000000 9.000000
5 1707727987 0.000000 1 0.000000 0.000000 0.000000
6 1707727987 0.000000 1 0.000000 0.000000 0.000000
7 1707727987 0.000000 1 0.000000 0.000000 0.000000
4 1707727988 9.000000 1 9.000000 9.000000 9.000000
5 1707727988 0.000000 1 0.000000 0.000000 0.000000
6 1707727988 0.000000 1 0.000000 0.000000 0.000000
7 1707727988 0.000000 1 0.000000 0.000000 0.000000
4 1707727989 9.000000 1 9.000000 9.000000 9.000000
5 1707727989 0.000000 1 0.000000 0.000000 0.000000
6 1707727989 0.000000 1 0.000000 0.000000 0.000000
7 1707727989 0.000000 1 0.000000 0.000000 0.000000
4 1707727990 9.000000 1 9.000000 9.000000 9.000000
5 1707727990 0.000000 1 0.000000 0.000000 0.000000
6 1707727990 0.000000 1 0.000000 0.000000 0.000000
7 1707727990 0.000000 1 0.000000 0.000000 0.000000
4 1707727991 9.000000 1 9.000000 9.000000 9.000000
5 1707727991 0.000000 1 0.000000 0.000000 0.000000
6 1707727991 0.000000 1 0.000000 0.000000 0.000000
7 1707727991 0.000000 1 0.000000 0.000000 0.000000
4 1707727992 9.000000 1 9.000000 9.000000 9.000000
5 1707727992 0.000000 1 0.000000 0.000000 0.000000
6 1707727992 0.000000 1 0.000000 0.000000 0.000000
7 1707727992 0.000000 1 0.000000 0.000000 0.000000
4 1707727993 9.000000 1 9.000000 9.000000 9.000000
5 1707727993 0.000000 1 0.000000 0.000000 0.000000
6 1707727993 0.000000 1 0.000000 0.000000 0.000000
7 1707727993 0.000000 1 0.000000 0.000000 0.000000
4 1707727994 9.000000 1 9.000000 9.000000 9.000000
5 1707727994 0.000000 1 0.000000 0.000000 0.000000
6 1707727994 0.000000 1 0.000000 0.000000 0.000000
7 1707727994 0.000000 1 0.000000 0.000000 0.000000
4 1707727995 9.000000 1 9.000000 9.000000 9.000000
5 1707727995 0.000000 1 0.000000 0.000000 0.000000
6 1707727995 0.000000 1 0.000000 0.000000 0.000000
7 1707727995 0.000000 1 0.000000 0.000000 0.000000
4 1707727996 9.000000 1 9.000000 9.000000 9.000000
5 1707727996 0.000000 1 0.000000 0.000000 0.000000
6 1707727996 0.000000 1 0.000000 0.000000 0.000000
7 1707727996 0.000000 1 0.000000 0.000000 0.000000
4 1707727997 9.000000 1 9.000000 9.000000 9.000000
5 1707727997 0.000000 1 0.000000 0.000000 0.000000
6 1707727997 0.000000 1 0.000000 0.000000 0.000000
7 1707727997 0.000000 1 0.000000 0.000000 0.000000
4 1707727998 9.000000 1 9.000000 9.000000 9.000000
5 1707727998 0.000000 1 0.000000 0.000000 0.000000
6 1707727998 0.000000 1 0.000000 0.000000 0.000000
7 1707727998 0.000000 1 0.000000 0.000000 0.000000
4 1707727999 9.000000 1 9.000000 9.000000 9.000000
5 1707727999 0.000000 1 0.000000 0.000000 0.000000
6 1707727999 0.000000 1 0.000000 0.000000 0.000000
7 1707727999 0.000000 1 0.000000 0.000000 0.000000
4 1707728000 9.000000 1 9.000000 9.000000 9.000000
5 1707728000 0.000000 1 0.000000 0.000000 0.000000
6 1707728000 0.000000 1 0.000000 0.000000 0.000000
7 1707728000 0.000000 1 0.000000 0.000000 0.000000
4 1707728001 9.000000 1 9.000000 9.000000 9.000000
5 1707728001 0.000000 1 0.000000 0.000000 0.000000
6 1707728001 0.000000 1 0.000000 0.000000 0.000000
7 1707728001 0.000000 1 0.000000 0.000000 0.000000
4 1707728002 9.000000 1 9.000000 9.000000 9.000000
5 1707728002 0.000000 1 0.000000 0.000000 0.000000
6 1707728002 0.000000 1 0.000000 0.000000 0.000000
7 1707728002 0.000000 1 0.000000 0.000000 0.000000
4 1707728003 9.000000 1 9.000000 9.000000 9.000000
5 1707728003 0.000000 1 0.000000 0.000000 0.000000
6 1707728003 0.000000 1 0.000000 0.000000 0.000000
7 1707728003 0.000000 1 0.000000 0.000000 0.000000
4 1707728004 9.000000 1 9.000000 9.000000 9.000000
5 1707728004 0.000000 1 0.000000 0.000000 0.000000
6 1707728004 0.000000 1 0.000000 0.000000 0.000000
7 1707728004 0.000000 1 0.000000 0.000000 0.000000
4 1707728005 9.000000 1 9.000000 9.000000 9.000000
5 1707728005 0.000000 1 0.000000 0.000000 0.000000
6 1707728005 0.000000 1 0.000000 0.000000 0.000000
7 1707728005 0.000000 1 0.000000 0.000000 0.000000
4 1707728006 9.000000 1 9.000000 9.000000 9.000000
5 1707728006 0.000000 1 0.000000 0.000000 0.000000
6 1707728006 0.000000 1 0.000000 0.000000 0.000000
7 1707728006 0.000000 1 0.000000 0.000000 0.000000
4 1707728007 9.000000 1 9.000000 9.000000 9.000000
5 1707728007 0.000000 1 0.000000 0.000000 0.000000
6 1707728007 0.000000 1 0.000000 0.000000 0.000000
7 1707728007 0.000000 1 0.000000 0.000000 0.000000
4 1707728008 9.000000 1 9.000000 9.000000 9.000000
5 1707728008 0.000000 1 0.000000 0.000000 0.000000
6 1707728008 0.000000 1 0.000000 0.000000 0.000000
7 1707728008 0.000000 1 0.000000 0.000000 0.000000
4 1707728009 9.000000 1 9.000000 9.000000 9.000000
5 1707728009 0.000000 1 0.000000 0.000000 0.000000
6 1707728009 0.000000 1 0.000000 0.000000 0.000000
7 1707728009 0.000000 1 0.000000 0.000000 0.000000
4 1707728010 9.000000 1 9.000000 9.000000 9.000000
5 1707728010 0.000000 1 0.000000 0.000000 0.000000
6 1707728010 0.000000 1 0.000000 0.000000 0.000000
7 1707728010 0.000000 1 0.000000 0.000000 0.000000
4 1707728011 9.000000 1 9.000000 9.000000 9.000000
5 1707728011 0.000000 1 0.000000 0.000000 0.000000
6 1707728011 0.000000 1 0.000000 0.000000 0.000000
7 1707728011 0.000000 1 0.000000 0.000000 0.000000
4 1707728012 9.000000 1 9.000000 9.000000 9.000000
5 1707728012 0.000000 1 0.000000 0.000000 0.000000
6 1707728012 0.000000 1 0.000000 0.000000 0.000000
7 1707728012 0.000000 1 0.000000 0.000000 0.000000
4 1707728013 9.000000 1 9.000000 9.000000 9.000000
5 1707728013 0.000000 1 0.000000 0.000000 0.000000
6 1707728013 0.000000 1 0.000000 0.000000 0.000000
7 1707728013 0.000000 1 0.000000 0.000000 0.000000
4 1707728014 9.000000 1 9.000000 9.000000 9.000000
5 1707728014 0.000000 1 0.000000 0.000000 0.000000
6 1707728014 0.000000 1 0.000000 0.000000 0.000000
7 1707728014 0.000000 1 0.000000 0.000000 0.000000
4 1707728015 9.000000 1 9.000000 9.000000 9.000000
5 1707728015 0.000000 1 0.000000 0.000000 0.000000
6 1707728015 0.000000 1 0.000000 0.000000 0.000000
7 1707728015 0.000000 1 0.000000 0.000000 0.000000
4 1707728016 9.000000 1 9.000000 9.000000 9.000000
5 1707728016 0.000000 1 0.000000 0.000000 0.000000
6 1707728016 0.000000 1 0.000000 0.000000 0.000000
7 1707728016 0.000000 1 0.000000 0.000000 0.000000
4 1707728017 9.000000 1 9.000000 9.000000 9.000000
5 1707728017 0.000000 1 0.000000 0.000000 0.000000
6 1707728017 0.000000 1 0.000000 0.000000 0.000000
7 1707728017 0.000000 1 0.000000 0.000000 0.000000
4 1707728018 9.000000 1 9.000000 9.000000 9.000000
5 1707728018 0.000000 1 0.000000 0.000000 0.000000
6 1707728018 0.000000 1 0.000000 0.000000 0.000000
7 1707728018 0.000000 1 0.000000 0.000000 0.000000
4 1707728019 9.000000 1 9.000000 9.000000 9.000000
5 1707728019 0.000000 1 0.000000 0.000000 0.000000
6 1707728019 0.000000 1 0.000000 0.000000 0.000000
7 1707728019 0.000000 1 0.000000 0.000000 0.000000
4 1707728020 9.000000 1 9.000000 9.000000 9.000000
5 1707728020 0.000000 1 0.000000 0.000000 0.000000
6 1707728020 0.000000 1 0.000000 0.000000 0.000000
7 1707728020 0.000000 1 0.000000 0.000000 0.000000
4 1707728021 9.000000 1 9.000000 9.000000 9.000000
5 1707728021 0.000000 1 0.000000 0.000000 0.000000
6 1707728021 0.000000 1 0.000000 0.000000 0.000000
7 1707728021 0.000000 1 0.000000 0.000000 0.000000
4 1707728022 9.000000 1 9.000000 9.000000 9.000000
5 1707728022 0.000000 1 0.000000 0.000000 0.000000
6 1707728022 0.000000 1 0.000000 0.000000 0.000000
7 1707728022 0.000000 1 0.000000 0.000000 0.000000
4 1707728023 9.000000 1 9.000000 9.000000 9.000000
5 1707728023 0.000000 1 0.000000 0.000000 0.000000
6 1707728023 0.000000 1 0.000000 0.000000 0.000000
7 1707728023 0.000000 1 0.000000 0.000000 0.000000
4 1707728024 9.000000 1 9.000000 9.000000 9.000000
5 1707728024 0.000000 1 0.000000 0.000000 0.000000
6 1707728024 0.000000 1 0.000000 0.000000 0.000000
7 1707728024 0.000000 1 0.000000 0.000000 0.000000
4 1707728025 9.000000 1 9.000000 9.000000 9.000000
5 1707728025 0.000000 1 0.000000 0.000000 0.000000
6 1707728025 0.000000 1 0.000000 0.000000 0.000000
7 1707728025 0.000000 1 0.000000 0.000000 0.000000
4 1707728026 9.000000 1 9.000000 9.000000 9.000000
5 1707728026 0.000000 1 0.000000 0.000000 0.000000
6 1707728026 0.000000 1 0.000000 0.000000 0.000000
7 1707728026 0.000000 1 0.000000 0.000000 0.000000
4 1707728027 9.000000 1 9.000000 9.000000 9.000000
5 1707728027 0.000000 1 0.000000 0.000000 0.000000
6 1707728027 0.000000 1 0.000000 0.000000 0.000000
7 1707728027 0.000000 1 0.000000 0.000000 0.000000
4 1707728028 9.000000 1 9.000000 9.000000 9.000000
5 1707728028 0.000000 1 0.000000 0.000000 0.000000
6 1707728028 0.000000 1 0.000000 0.000000 0.000000
7 1707728028 0.000000 1 0.000000 0.000000 0.000000
4 1707728029 9.000000 1 9.000000 9.000000 9.000000
5 1707728029 0.000000 1 0.000000 0.000000 0.000000
6 1707728029 0.000000 1 0.000000 0.000000 0.000000
7 1707728029 0.000000 1 0.000000 0.000000 0.000000
4 1707728030 9.000000 1 9.000000 9.000000 9.000000
5 1707728030 0.000000 1 0.000000 0.000000 0.000000
6 1707728030 0.000000 1 0.000000 0.000000 0.000000
7 1707728030 0.000000 1 0.000000 0.000000 0.000000
4 1707728031 9.000000 1 9.000000 9.000000 9.000000
5 1707728031 0.000000 1 0.000000 0.000000 0.000000
6 1707728031 0.000000 1 0.000000 0.000000 0.000000
7 1707728031 0.000000 1 0.000000 0.000000 0.000000
4 1707728032 9.000000 1 9.000000 9.000000 9.000000
5 1707728032 0.000000 1 0.000000 0.000000 0.000000
6 1707728032 0.000000 1 0.000000 0.000000 0.000000
7 1707728032 0.000000 1 0.000000 0.000000 0.000000
4 1707728033 9.000000 1 9.000000 9.000000 9.000000
5 1707728033 0.000000 1 0.000000 0.000000 0.000000
6 1707728033 0.000000 1 0.000000 0.000000 0.000000
7 1707728033 0.000000 1 0.000000 0.000000 0.000000
4 1707728035 9.000000 1 9.000000 9.000000 9.000000
5 1707728035 0.000000 1 0.000000 0.000000 0.000000
6 1707728035 0.000000 1 0.000000 0.000000 0.000000
7 1707728035 0.000000 1 0.000000 0.000000 0.000000
4 1707728036 9.000000 1 9.000000 9.000000 9.000000
5 1707728036 0.000000 1 0.000000 0.000000 0.000000
6 1707728036 0.000000 1 0.000000 0.000000 0.000000
7 1707728036 0.000000 1 0.000000 0.000000 0.000000
4 1707728037 0.000000 1 0.000000 0.000000 0.000000
5 1707728037 0.000000 1 0.000000 0.000000 0.000000
6 1707728037 9.000000 1 9.000000 9.000000 9.000000
7 1707728037 0.000000 1 0.000000 0.000000 0.000000
